Year,Week,SMN,SMT,VCI,TCI,VHI,empty,area
<tt><pre>1982,1.0,0.061,255.81,28.81,78.96,53.88,,2
1982,2.0,0.064,258.24,34.77,67.16,50.97,,2
1982,3.0,0.065,261.01,35.64,55.67,45.65,,2
1982,4.0,0.065,263.59,33.28,46.8,40.04,,2
1982,5.0,0.064,265.67,29.19,43.69,36.44,,2
1982,6.0,0.067,267.11,27.13,43.15,35.14,,2
1982,7.0,0.073,268.9,27.33,39.81,33.57,,2
1982,8.0,0.084,271.32,31.42,35.05,33.23,,2
1982,9.0,0.097,273.54,34.85,32.21,33.53,,2
1982,10.0,0.109,275.35,36.98,33.15,35.07,,2
1982,11.0,0.123,277.24,38.21,35.38,36.79,,2
1982,12.0,0.135,279.21,36.32,40.97,38.65,,2
1982,13.0,0.147,281.06,32.47,44.7,38.59,,2
1982,14.0,0.158,282.85,25.93,48.18,37.05,,2
1982,15.0,0.168,284.3,17.68,52.61,35.15,,2
1982,16.0,0.184,285.64,11.99,58.88,35.44,,2
1982,17.0,0.206,287.08,9.73,65.22,37.47,,2
1982,18.0,0.234,288.45,10.95,68.3,39.63,,2
1982,19.0,0.277,289.88,18.62,67.85,43.24,,2
1982,20.0,0.332,291.3,33.05,62.45,47.75,,2
1982,21.0,0.373,292.08,40.84,61.36,51.1,,2
1982,22.0,0.399,292.41,44.63,60.44,52.54,,2
1982,23.0,0.411,292.54,45.1,59.01,52.06,,2
1982,24.0,0.408,292.33,38.6,62.1,50.35,,2
1982,25.0,0.399,291.96,31.55,67.74,49.65,,2
1982,26.0,0.391,291.93,27.1,68.5,47.8,,2
1982,27.0,0.39,292.39,27.64,64.86,46.25,,2
1982,28.0,0.391,293.18,30.18,59.55,44.86,,2
1982,29.0,0.394,294.01,34.26,54.59,44.43,,2
1982,30.0,0.392,294.66,37.11,50.37,43.74,,2
1982,31.0,0.381,294.97,34.02,44.02,39.02,,2
1982,32.0,0.367,294.79,28.27,42.5,35.39,,2
1982,33.0,0.359,294.8,26.83,37.56,32.19,,2
1982,34.0,0.349,294.59,26.86,32.47,29.66,,2
1982,35.0,0.34,294.05,30.69,26.55,28.62,,2
1982,36.0,0.328,293.52,34.23,17.99,26.11,,2
1982,37.0,0.306,292.38,32.58,14.51,23.55,,2
1982,38.0,0.285,290.65,31.4,20.25,25.82,,2
1982,39.0,0.263,288.51,30.37,29.02,29.69,,2
1982,40.0,0.24,286.38,28.5,35.49,32.0,,2
1982,41.0,0.218,284.76,28.1,33.47,30.78,,2
1982,42.0,0.199,282.96,29.91,33.49,31.7,,2
1982,43.0,0.181,280.95,32.33,34.88,33.6,,2
1982,44.0,0.163,278.96,35.17,32.05,33.61,,2
1982,45.0,0.141,276.97,34.27,29.29,31.78,,2
1982,46.0,0.125,275.74,35.65,24.8,30.23,,2
1982,47.0,0.11,273.97,36.34,26.07,31.21,,2
1982,48.0,0.096,271.56,35.09,31.7,33.39,,2
1982,49.0,0.086,269.36,34.0,34.88,34.44,,2
1982,50.0,0.076,267.41,30.28,36.43,33.36,,2
1982,51.0,0.071,265.42,31.85,40.0,35.93,,2
1982,52.0,0.069,264.32,34.58,42.62,38.6,,2
1983,1.0,0.069,264.39,36.28,39.1,37.69,,2
1983,2.0,0.071,265.12,42.22,33.8,38.01,,2
1983,3.0,0.072,265.88,42.92,31.83,37.37,,2
1983,4.0,0.071,266.3,38.73,34.65,36.69,,2
1983,5.0,0.066,265.11,30.27,47.07,38.67,,2
1983,6.0,0.057,264.34,20.85,55.98,38.42,,2
1983,7.0,0.056,264.97,18.22,57.71,37.96,,2
1983,8.0,0.056,265.17,16.9,64.03,40.46,,2
1983,9.0,0.058,265.82,16.11,71.18,43.64,,2
1983,10.0,0.071,267.47,19.17,74.43,46.8,,2
1983,11.0,0.085,269.92,20.85,75.15,48.0,,2
1983,12.0,0.103,272.4,21.55,79.03,50.29,,2
1983,13.0,0.126,275.46,22.43,80.29,51.36,,2
1983,14.0,0.153,278.8,23.59,79.1,51.35,,2
1983,15.0,0.186,281.61,27.5,77.72,52.61,,2
1983,16.0,0.218,284.4,30.35,71.97,51.16,,2
1983,17.0,0.25,287.09,32.42,64.41,48.41,,2
1983,18.0,0.281,288.63,34.19,65.61,49.9,,2
1983,19.0,0.311,290.3,35.15,62.24,48.7,,2
1983,20.0,0.343,292.13,38.23,52.07,45.15,,2
1983,21.0,0.365,292.86,37.16,51.86,44.51,,2
1983,22.0,0.384,293.47,36.87,47.88,42.37,,2
1983,23.0,0.397,293.66,37.47,46.02,41.75,,2
1983,24.0,0.396,293.06,31.57,53.53,42.55,,2
1983,25.0,0.401,293.41,31.62,50.52,41.07,,2
1983,26.0,0.405,294.36,33.26,39.79,36.53,,2
1983,27.0,0.399,294.5,31.78,40.17,35.98,,2
1983,28.0,0.385,294.32,25.64,45.53,35.59,,2
1983,29.0,0.372,294.18,21.21,51.9,36.56,,2
1983,30.0,0.363,294.26,20.31,55.28,37.79,,2
1983,31.0,0.367,294.33,25.68,52.27,38.97,,2
1983,32.0,0.372,294.49,30.96,46.39,38.67,,2
1983,33.0,0.375,294.89,35.72,36.41,36.07,,2
1983,34.0,0.373,295.18,40.18,24.58,32.38,,2
1983,35.0,0.368,295.15,45.7,12.29,29.0,,2
1983,36.0,0.355,294.16,48.03,10.46,29.24,,2
1983,37.0,0.333,292.41,46.05,14.0,30.02,,2
1983,38.0,0.315,291.27,45.51,12.22,28.87,,2
1983,39.0,0.296,289.61,45.66,14.83,30.25,,2
1983,40.0,0.269,287.31,41.91,23.86,32.88,,2
1983,41.0,0.24,284.8,38.37,32.47,35.42,,2
1983,42.0,0.213,282.58,36.54,37.25,36.89,,2
1983,43.0,0.185,280.82,34.25,35.73,34.99,,2
1983,44.0,0.161,278.2,33.61,37.49,35.55,,2
1983,45.0,0.137,275.46,31.49,38.74,35.11,,2
1983,46.0,0.112,272.94,27.72,40.54,34.13,,2
1983,47.0,0.093,270.49,25.74,44.36,35.05,,2
1983,48.0,0.08,268.41,24.77,47.42,36.09,,2
1983,49.0,0.072,266.74,24.35,47.4,35.87,,2
1983,50.0,0.066,265.4,22.46,46.23,34.34,,2
1983,51.0,0.062,265.06,24.61,42.16,33.39,,2
1983,52.0,0.063,264.88,28.74,40.31,34.53,,2
1984,1.0,0.061,263.92,28.7,41.94,35.32,,2
1984,2.0,0.057,262.76,28.24,46.61,37.43,,2
1984,3.0,0.057,262.13,27.83,51.58,39.71,,2
1984,4.0,0.055,261.74,25.27,56.94,41.11,,2
1984,5.0,0.054,261.39,21.9,64.07,42.99,,2
1984,6.0,0.055,261.71,19.51,67.66,43.59,,2
1984,7.0,0.057,263.36,18.8,65.19,41.99,,2
1984,8.0,0.059,265.36,18.65,63.3,40.97,,2
1984,9.0,0.065,267.17,19.49,64.24,41.86,,2
1984,10.0,0.075,269.24,20.71,64.88,42.79,,2
1984,11.0,0.087,271.85,21.53,64.54,43.03,,2
1984,12.0,0.103,275.14,21.37,63.82,42.59,,2
1984,13.0,0.124,278.86,21.58,58.91,40.25,,2
1984,14.0,0.147,281.8,20.55,56.55,38.55,,2
1984,15.0,0.169,284.63,18.61,49.5,34.05,,2
1984,16.0,0.192,287.13,16.71,41.95,29.33,,2
1984,17.0,0.211,288.54,12.88,47.35,30.11,,2
1984,18.0,0.233,289.76,10.75,52.07,31.41,,2
1984,19.0,0.253,290.56,8.22,58.96,33.59,,2
1984,20.0,0.275,290.56,7.14,70.96,39.05,,2
1984,21.0,0.3,290.47,6.85,80.21,43.53,,2
1984,22.0,0.322,290.12,7.27,85.99,46.63,,2
1984,23.0,0.334,289.5,6.83,92.2,49.51,,2
1984,24.0,0.348,289.49,8.33,94.19,51.26,,2
1984,25.0,0.357,289.53,10.49,95.25,52.87,,2
1984,26.0,0.363,289.55,13.16,95.33,54.25,,2
1984,27.0,0.367,289.7,16.42,95.14,55.78,,2
1984,28.0,0.369,290.11,19.06,95.67,57.37,,2
1984,29.0,0.377,290.92,25.29,94.02,59.66,,2
1984,30.0,0.382,291.85,31.99,87.66,59.82,,2
1984,31.0,0.376,292.22,31.55,80.08,55.82,,2
1984,32.0,0.367,292.4,28.75,73.94,51.35,,2
1984,33.0,0.357,292.33,26.46,70.58,48.52,,2
1984,34.0,0.347,292.28,26.13,64.1,45.12,,2
1984,35.0,0.327,291.43,23.94,62.34,43.14,,2
1984,36.0,0.301,290.28,21.11,58.95,40.03,,2
1984,37.0,0.275,289.25,18.03,52.03,35.03,,2
1984,38.0,0.243,287.82,12.04,54.16,33.1,,2
1984,39.0,0.212,286.03,7.36,59.14,33.25,,2
1984,40.0,0.189,284.59,6.06,56.4,31.23,,2
1984,41.0,0.17,283.19,6.39,51.02,28.71,,2
1984,42.0,0.153,281.94,8.17,43.49,25.83,,2
1984,43.0,0.135,280.19,9.35,40.98,25.16,,2
1984,44.0,0.114,278.15,9.42,37.62,23.52,,2
1984,45.0,0.101,276.32,11.59,32.63,22.11,,2
1984,46.0,0.089,274.51,14.71,30.79,22.75,,2
1984,47.0,0.08,273.19,19.31,29.31,24.31,,2
1984,48.0,0.076,272.42,24.22,26.74,25.48,,2
1984,49.0,0.074,272.07,27.96,21.65,24.8,,2
1984,50.0,-1.0,-1.0,-1.0,-1.0,-1.0,,2
1984,51.0,-1.0,-1.0,-1.0,-1.0,-1.0,,2
1984,52.0,-1.0,-1.0,-1.0,-1.0,-1.0,,2
1985,1.0,-1.0,-1.0,-1.0,-1.0,-1.0,,2
1985,2.0,-1.0,-1.0,-1.0,-1.0,-1.0,,2
1985,3.0,-1.0,-1.0,-1.0,-1.0,-1.0,,2
1985,4.0,-1.0,-1.0,-1.0,-1.0,-1.0,,2
1985,5.0,-1.0,-1.0,-1.0,-1.0,-1.0,,2
1985,6.0,-1.0,-1.0,-1.0,-1.0,-1.0,,2
1985,7.0,-1.0,-1.0,-1.0,-1.0,-1.0,,2
1985,8.0,-1.0,-1.0,-1.0,-1.0,-1.0,,2
1985,9.0,0.06,258.93,16.01,81.23,48.62,,2
1985,10.0,0.059,260.44,13.13,88.24,50.68,,2
1985,11.0,0.068,264.31,13.01,88.22,50.62,,2
1985,12.0,0.086,269.33,13.76,86.66,50.21,,2
1985,13.0,0.116,275.43,17.38,77.74,47.56,,2
1985,14.0,0.149,280.34,21.5,66.83,44.16,,2
1985,15.0,0.183,284.11,25.44,54.13,39.78,,2
1985,16.0,0.215,286.88,28.25,45.02,36.63,,2
1985,17.0,0.246,289.02,29.96,41.93,35.94,,2
1985,18.0,0.276,290.84,31.25,39.14,35.2,,2
1985,19.0,0.313,292.4,36.01,36.32,36.17,,2
1985,20.0,0.349,293.45,40.78,35.82,38.3,,2
1985,21.0,0.375,293.6,41.96,42.71,42.33,,2
1985,22.0,0.392,293.46,40.62,48.14,44.38,,2
1985,23.0,0.399,293.01,38.28,53.7,45.99,,2
1985,24.0,0.401,292.39,34.17,61.64,47.91,,2
1985,25.0,0.405,292.45,34.01,62.26,48.14,,2
1985,26.0,0.408,292.73,35.55,59.62,47.58,,2
1985,27.0,0.407,292.92,36.78,59.12,47.95,,2
1985,28.0,0.404,293.05,36.94,61.52,49.23,,2
1985,29.0,0.402,293.42,38.92,62.69,50.8,,2
1985,30.0,0.396,293.62,39.25,64.6,51.93,,2
1985,31.0,0.388,294.03,38.07,56.58,47.33,,2
1985,32.0,0.385,294.52,38.48,46.23,42.36,,2
1985,33.0,0.377,294.75,37.35,38.34,37.84,,2
1985,34.0,0.362,294.44,33.72,34.49,34.1,,2
1985,35.0,0.336,293.13,28.39,39.04,33.71,,2
1985,36.0,0.312,291.27,26.4,46.2,36.3,,2
1985,37.0,0.287,289.13,23.81,53.3,38.55,,2
1985,38.0,0.264,287.37,21.88,59.89,40.88,,2
1985,39.0,0.239,285.03,19.54,72.13,45.83,,2
1985,40.0,0.211,282.5,15.54,81.9,48.72,,2
1985,41.0,0.182,280.51,11.95,82.75,47.35,,2
1985,42.0,0.158,278.92,10.74,74.46,42.6,,2
1985,43.0,0.136,276.72,9.93,70.67,40.3,,2
1985,44.0,0.117,274.45,10.63,64.86,37.74,,2
1985,45.0,0.097,272.39,9.13,57.48,33.3,,2
1985,46.0,0.074,269.26,5.65,60.27,32.96,,2
1985,47.0,0.058,266.74,4.57,63.05,33.81,,2
1985,48.0,0.048,264.9,5.07,64.26,34.67,,2
1985,49.0,0.046,265.05,7.42,55.11,31.26,,2
1985,50.0,0.047,265.36,8.43,46.11,27.27,,2
1985,51.0,0.047,264.41,13.29,44.84,29.07,,2
1985,52.0,0.046,261.93,14.99,53.9,34.45,,2
1986,1.0,0.044,260.36,12.81,58.2,35.51,,2
1986,2.0,0.044,260.09,15.21,59.18,37.19,,2
1986,3.0,0.044,260.03,15.21,61.54,38.37,,2
1986,4.0,0.044,260.11,15.27,64.32,39.8,,2
1986,5.0,0.045,260.78,14.9,66.49,40.7,,2
1986,6.0,0.045,262.17,13.33,65.5,39.41,,2
1986,7.0,0.044,262.94,11.48,67.06,39.27,,2
1986,8.0,0.043,264.07,10.29,69.66,39.97,,2
1986,9.0,0.049,266.21,11.18,69.87,40.52,,2
1986,10.0,0.059,269.36,13.3,65.4,39.35,,2
1986,11.0,0.076,273.03,16.17,58.98,37.58,,2
1986,12.0,0.094,276.48,17.41,56.7,37.06,,2
1986,13.0,0.116,279.98,17.65,51.62,34.64,,2
1986,14.0,0.148,283.39,20.71,43.44,32.08,,2
1986,15.0,0.188,286.55,28.46,30.21,29.34,,2
1986,16.0,0.229,288.86,35.86,22.36,29.11,,2
1986,17.0,0.282,291.14,48.89,16.12,32.5,,2
1986,18.0,0.336,293.0,60.58,12.81,36.69,,2
1986,19.0,0.374,294.21,65.11,13.95,39.53,,2
1986,20.0,0.4,295.15,65.66,15.18,40.42,,2
1986,21.0,0.414,295.5,61.24,19.55,40.39,,2
1986,22.0,0.43,295.74,61.01,21.47,41.24,,2
1986,23.0,0.442,296.02,61.85,19.14,40.5,,2
1986,24.0,0.446,296.12,59.07,16.77,37.92,,2
1986,25.0,0.445,296.2,56.52,16.53,36.53,,2
1986,26.0,0.44,296.14,53.29,18.52,35.9,,2
1986,27.0,0.429,296.02,49.43,22.18,35.81,,2
1986,28.0,0.411,295.86,40.97,26.48,33.73,,2
1986,29.0,0.386,295.34,28.9,36.93,32.92,,2
1986,30.0,0.37,294.84,24.08,48.45,36.27,,2
1986,31.0,0.363,294.43,22.95,51.61,37.28,,2
1986,32.0,0.355,293.59,20.64,58.94,39.79,,2
1986,33.0,0.343,292.67,17.54,66.63,42.08,,2
1986,34.0,0.327,291.11,14.52,79.75,47.13,,2
1986,35.0,0.312,289.68,15.9,85.17,50.54,,2
1986,36.0,0.299,288.44,19.71,81.89,50.8,,2
1986,37.0,0.288,287.09,23.88,78.2,51.04,,2
1986,38.0,0.281,286.12,29.53,75.48,52.51,,2
1986,39.0,0.277,285.26,36.64,69.85,53.25,,2
1986,40.0,0.266,284.37,40.36,60.08,50.22,,2
1986,41.0,0.247,283.11,41.68,52.95,47.32,,2
1986,42.0,0.224,281.45,41.88,49.15,45.52,,2
1986,43.0,0.194,279.19,39.01,50.07,44.54,,2
1986,44.0,0.162,277.19,34.69,45.22,39.96,,2
1986,45.0,0.135,275.73,30.32,37.09,33.7,,2
1986,46.0,0.109,273.7,25.91,36.18,31.04,,2
1986,47.0,0.09,271.07,23.85,41.14,32.49,,2
1986,48.0,0.074,268.8,21.39,45.25,33.32,,2
1986,49.0,0.062,266.1,17.94,50.12,34.03,,2
1986,50.0,0.054,262.57,13.96,58.95,36.46,,2
1986,51.0,0.048,259.79,13.59,66.68,40.13,,2
1986,52.0,0.044,257.45,12.85,75.37,44.11,,2
1987,1.0,0.04,256.39,8.71,77.25,42.98,,2
1987,2.0,0.038,255.64,8.73,81.33,45.03,,2
1987,3.0,0.038,255.09,9.25,86.28,47.77,,2
1987,4.0,0.036,254.82,8.69,89.35,49.02,,2
1987,5.0,0.033,255.46,7.15,90.07,48.61,,2
1987,6.0,0.035,256.5,7.01,89.87,48.44,,2
1987,7.0,0.038,257.36,7.97,91.14,49.55,,2
1987,8.0,0.044,259.18,10.66,91.44,51.05,,2
1987,9.0,0.05,261.85,12.07,90.47,51.27,,2
1987,10.0,0.055,264.32,11.26,90.23,50.74,,2
1987,11.0,0.063,267.05,10.41,89.97,50.19,,2
1987,12.0,0.077,270.42,9.28,89.41,49.35,,2
1987,13.0,0.093,273.74,6.46,90.5,48.48,,2
1987,14.0,0.119,277.64,6.21,87.79,47.0,,2
1987,15.0,0.149,281.05,7.84,83.04,45.44,,2
1987,16.0,0.175,283.94,7.39,77.06,42.23,,2
1987,17.0,0.203,286.84,8.64,67.28,37.96,,2
1987,18.0,0.225,288.5,6.8,66.96,36.88,,2
1987,19.0,0.252,289.48,6.96,71.88,39.42,,2
1987,20.0,0.284,290.17,10.18,75.51,42.84,,2
1987,21.0,0.32,291.06,14.72,73.52,44.12,,2
1987,22.0,0.351,291.7,19.15,68.66,43.91,,2
1987,23.0,0.377,292.38,26.34,61.09,43.71,,2
1987,24.0,0.397,293.13,32.02,52.85,42.44,,2
1987,25.0,0.418,293.64,40.91,47.75,44.33,,2
1987,26.0,0.423,293.75,43.72,47.25,45.48,,2
1987,27.0,0.425,294.01,47.1,46.02,46.56,,2
1987,28.0,0.418,293.83,45.08,51.68,48.38,,2
1987,29.0,0.399,293.27,36.85,64.36,50.6,,2
1987,30.0,0.383,292.63,31.94,77.62,54.78,,2
1987,31.0,0.37,291.55,27.33,88.23,57.78,,2
1987,32.0,0.367,290.9,27.99,92.54,60.27,,2
1987,33.0,0.369,290.58,32.92,93.05,62.98,,2
1987,34.0,0.371,290.46,39.51,88.36,63.93,,2
1987,35.0,0.366,290.15,44.44,80.0,62.22,,2
1987,36.0,0.36,289.59,50.27,67.91,59.09,,2
1987,37.0,0.344,288.63,51.13,59.69,55.41,,2
1987,38.0,0.32,287.38,47.72,59.77,53.74,,2
1987,39.0,0.29,285.84,42.65,61.96,52.31,,2
1987,40.0,0.261,284.14,38.11,62.16,50.13,,2
1987,41.0,0.232,282.58,34.67,58.57,46.62,,2
1987,42.0,0.199,280.44,29.99,59.14,44.56,,2
1987,43.0,0.076,258.84,35.16,67.98,51.57,,2
1987,44.0,0.141,273.68,23.23,70.97,47.1,,2
1987,45.0,0.113,270.26,18.0,71.3,44.65,,2
1987,46.0,0.093,267.86,16.38,68.55,42.46,,2
1987,47.0,0.079,266.43,16.94,64.82,40.88,,2
1987,48.0,0.068,265.87,17.58,59.18,38.38,,2
1987,49.0,0.064,265.51,18.99,52.48,35.73,,2
1987,50.0,0.061,265.14,18.75,46.6,32.68,,2
1987,51.0,0.058,264.47,21.44,43.97,32.7,,2
1987,52.0,0.058,263.66,25.24,45.06,35.15,,2
1988,1.0,0.06,263.07,28.09,44.53,36.31,,2
1988,2.0,0.06,263.02,31.21,43.67,37.44,,2
1988,3.0,0.058,263.46,29.25,43.64,36.45,,2
1988,4.0,0.06,263.82,28.71,46.17,37.44,,2
1988,5.0,0.062,264.7,27.18,48.75,37.97,,2
1988,6.0,0.065,265.92,25.36,48.99,37.18,,2
1988,7.0,0.065,266.87,23.33,49.44,36.39,,2
1988,8.0,0.068,267.34,22.9,54.17,38.54,,2
1988,9.0,0.072,268.02,22.65,60.12,41.39,,2
1988,10.0,0.077,269.01,21.78,66.16,43.97,,2
1988,11.0,0.085,271.03,20.64,68.71,44.67,,2
1988,12.0,0.101,273.8,20.36,70.7,45.53,,2
1988,13.0,0.124,277.27,21.47,68.49,44.98,,2
1988,14.0,0.154,280.53,24.11,66.04,45.08,,2
1988,15.0,0.187,282.8,27.66,66.82,47.24,,2
1988,16.0,0.219,284.87,30.77,67.25,49.01,,2
1988,17.0,0.244,286.35,29.68,73.14,51.41,,2
1988,18.0,0.266,287.88,27.12,74.43,50.77,,2
1988,19.0,0.293,289.79,27.13,68.32,47.73,,2
1988,20.0,0.324,291.38,29.98,61.15,45.57,,2
1988,21.0,0.343,291.79,27.43,64.53,45.98,,2
1988,22.0,0.35,291.77,22.38,67.34,44.86,,2
1988,23.0,0.358,291.9,20.87,65.97,43.42,,2
1988,24.0,0.368,292.36,20.84,61.46,41.15,,2
1988,25.0,0.373,292.6,20.71,59.93,40.32,,2
1988,26.0,0.382,293.12,23.47,54.64,39.06,,2
1988,27.0,0.392,293.63,29.16,50.47,39.81,,2
1988,28.0,0.403,294.02,37.16,49.14,43.15,,2
1988,29.0,0.407,294.1,41.91,53.25,47.58,,2
1988,30.0,0.399,293.76,41.53,62.8,52.16,,2
1988,31.0,0.389,293.09,38.55,68.97,53.76,,2
1988,32.0,0.382,293.07,36.81,65.56,51.18,,2
1988,33.0,0.379,293.33,38.76,57.56,48.16,,2
1988,34.0,0.362,292.42,34.58,62.3,48.44,,2
1988,35.0,0.34,291.33,30.7,63.6,47.15,,2
1988,36.0,0.323,290.27,31.88,58.73,45.31,,2
1988,37.0,0.301,288.88,30.53,56.07,43.3,,2
1988,38.0,0.281,287.12,29.87,62.31,46.09,,2
1988,39.0,0.271,285.47,34.46,66.08,50.27,,2
1988,40.0,0.261,283.63,38.37,67.68,53.02,,2
1988,41.0,0.271,283.02,52.99,53.63,53.31,,2
1988,42.0,0.258,280.45,58.79,59.22,59.0,,2
1988,43.0,0.241,277.47,63.05,64.82,63.94,,2
1988,44.0,0.211,274.36,60.9,66.26,63.58,,2
1988,45.0,0.178,272.12,55.03,59.72,57.38,,2
1988,46.0,0.154,270.65,52.45,52.98,52.71,,2
1988,47.0,0.133,269.21,50.26,50.53,50.39,,2
1988,48.0,0.114,268.01,45.9,48.92,47.41,,2
1988,49.0,0.1,267.01,42.56,45.64,44.1,,2
1988,50.0,0.085,266.31,35.47,41.32,38.4,,2
1988,51.0,0.082,267.04,39.56,32.0,35.78,,2
1988,52.0,0.085,268.49,47.02,21.95,34.49,,2
1989,1.0,0.085,269.78,51.95,12.38,32.16,,2
1989,2.0,0.09,270.83,60.76,4.78,32.77,,2
1989,3.0,0.095,272.17,65.5,1.57,33.53,,2
1989,4.0,0.102,273.55,64.22,1.37,32.79,,2
1989,5.0,0.111,274.49,61.24,4.51,32.87,,2
1989,6.0,0.118,275.25,58.42,8.02,33.22,,2
1989,7.0,0.122,276.04,54.71,8.91,31.81,,2
1989,8.0,0.128,277.32,54.28,8.03,31.16,,2
1989,9.0,0.135,278.96,54.02,6.4,30.21,,2
1989,10.0,0.144,280.18,53.74,8.74,31.24,,2
1989,11.0,0.159,281.61,54.9,12.06,33.48,,2
1989,12.0,0.178,283.1,56.42,19.37,37.89,,2
1989,13.0,0.203,284.41,59.61,23.39,41.5,,2
1989,14.0,0.225,285.74,59.8,25.68,42.74,,2
1989,15.0,0.244,286.95,57.85,27.11,42.48,,2
1989,16.0,0.264,288.06,54.25,31.69,42.97,,2
1989,17.0,0.286,288.8,50.79,44.2,47.5,,2
1989,18.0,0.321,289.88,53.78,50.57,52.18,,2
1989,19.0,0.358,290.98,57.76,53.71,55.74,,2
1989,20.0,0.382,291.45,57.77,60.33,59.05,,2
1989,21.0,0.399,292.18,54.79,60.0,57.39,,2
1989,22.0,0.403,292.46,47.95,59.71,53.83,,2
1989,23.0,0.403,292.42,41.57,60.44,51.0,,2
1989,24.0,0.409,293.15,39.08,52.59,45.84,,2
1989,25.0,0.412,293.75,38.31,46.8,42.56,,2
1989,26.0,0.422,294.65,43.34,36.73,40.04,,2
1989,27.0,0.423,295.14,45.72,32.77,39.24,,2
1989,28.0,0.407,294.96,38.53,37.62,38.08,,2
1989,29.0,0.384,294.16,27.48,52.52,40.0,,2
1989,30.0,0.365,293.39,21.51,67.34,44.43,,2
1989,31.0,0.358,293.36,20.34,65.13,42.73,,2
1989,32.0,0.353,293.44,19.92,60.27,40.1,,2
1989,33.0,0.343,292.55,17.87,67.62,42.74,,2
1989,34.0,0.338,291.85,20.38,69.8,45.09,,2
1989,35.0,0.333,291.17,26.68,65.8,46.24,,2
1989,36.0,0.327,290.72,33.59,52.89,43.24,,2
1989,37.0,0.313,290.2,36.03,40.08,38.05,,2
1989,38.0,0.293,288.99,35.23,39.74,37.49,,2
1989,39.0,0.278,287.91,37.42,36.0,36.71,,2
1989,40.0,0.26,286.3,37.98,36.35,37.17,,2
1989,41.0,0.232,284.37,35.04,38.1,36.57,,2
1989,42.0,0.209,282.72,34.94,36.29,35.62,,2
1989,43.0,0.198,281.23,41.03,32.62,36.83,,2
1989,44.0,0.189,279.84,49.21,25.4,37.31,,2
1989,45.0,0.17,277.98,51.28,22.87,37.08,,2
1989,46.0,0.139,274.55,43.8,31.51,37.65,,2
1989,47.0,0.112,271.62,37.26,38.3,37.78,,2
1989,48.0,0.096,269.46,34.87,41.82,38.34,,2
1989,49.0,0.088,268.24,34.88,39.87,37.38,,2
1989,50.0,0.079,267.62,32.45,35.29,33.87,,2
1989,51.0,0.075,267.51,34.98,29.77,32.38,,2
1989,52.0,0.082,268.15,45.48,23.65,34.57,,2
1990,1.0,0.092,269.24,57.99,14.85,36.42,,2
1990,2.0,0.097,270.23,67.78,6.91,37.35,,2
1990,3.0,0.105,271.47,75.62,2.31,38.97,,2
1990,4.0,0.126,273.24,84.36,0.35,42.36,,2
1990,5.0,0.15,275.41,88.13,0.02,44.08,,2
1990,6.0,0.165,277.09,86.81,0.02,43.41,,2
1990,7.0,0.177,278.06,85.26,0.05,42.65,,2
1990,8.0,0.189,279.04,85.71,0.14,42.93,,2
1990,9.0,0.199,280.12,85.18,0.3,42.74,,2
1990,10.0,0.322,288.41,53.98,69.05,61.51,,2
1990,11.0,0.226,283.79,86.21,0.38,43.29,,2
1990,12.0,0.245,286.53,87.95,0.09,44.02,,2
1990,13.0,0.26,288.02,87.45,0.17,43.81,,2
1990,14.0,0.276,288.89,85.57,0.85,43.21,,2
1990,15.0,0.294,289.22,83.72,4.99,44.36,,2
1990,16.0,0.312,289.22,79.72,18.46,49.09,,2
1990,17.0,0.343,289.73,79.82,32.98,56.4,,2
1990,18.0,0.37,290.51,77.59,42.87,60.23,,2
1990,19.0,0.391,291.17,74.06,51.35,62.7,,2
1990,20.0,0.404,291.53,68.21,59.45,63.83,,2
1990,21.0,0.409,291.65,59.76,66.49,63.13,,2
1990,22.0,0.411,291.96,51.87,65.58,58.72,,2
1990,23.0,0.413,292.72,46.96,56.91,51.93,,2
1990,24.0,0.422,293.74,45.97,45.01,45.49,,2
1990,25.0,0.425,294.74,45.17,33.79,39.48,,2
1990,26.0,0.418,294.96,40.98,32.27,36.62,,2
1990,27.0,0.412,294.77,39.99,36.77,38.38,,2
1990,28.0,0.411,294.69,41.59,40.86,41.23,,2
1990,29.0,0.404,294.58,39.99,46.91,43.45,,2
1990,30.0,0.398,294.66,41.13,50.41,45.77,,2
1990,31.0,0.396,295.01,42.68,43.35,43.02,,2
1990,32.0,0.388,294.85,40.45,41.46,40.95,,2
1990,33.0,0.376,294.03,37.0,47.56,42.28,,2
1990,34.0,0.358,292.63,31.97,58.88,45.43,,2
1990,35.0,0.334,290.81,27.43,70.46,48.94,,2
1990,36.0,0.31,288.58,25.62,79.79,52.7,,2
1990,37.0,0.29,286.82,25.5,80.2,52.85,,2
1990,38.0,0.277,285.8,28.13,77.95,53.04,,2
1990,39.0,0.271,285.02,34.08,71.77,52.93,,2
1990,40.0,0.267,283.95,40.65,64.5,52.57,,2
1990,41.0,0.261,282.98,48.32,54.23,51.27,,2
1990,42.0,0.244,281.91,51.9,44.44,48.17,,2
1990,43.0,0.215,279.25,49.52,49.71,49.61,,2
1990,44.0,0.182,276.87,45.08,47.86,46.47,,2
1990,45.0,0.148,274.65,38.06,44.22,41.14,,2
1990,46.0,0.122,272.06,33.94,45.78,39.86,,2
1990,47.0,0.106,269.84,34.18,47.85,41.01,,2
1990,48.0,0.091,267.79,32.02,50.42,41.22,,2
1990,49.0,0.08,265.93,29.87,51.01,40.44,,2
1990,50.0,0.075,264.76,28.99,48.82,38.9,,2
1990,51.0,0.074,263.97,33.51,46.72,40.11,,2
1990,52.0,0.078,264.03,40.74,43.44,42.09,,2
1991,1.0,0.085,264.19,50.8,39.07,44.94,,2
1991,2.0,0.092,264.92,62.61,33.62,48.11,,2
1991,3.0,0.095,265.62,65.12,31.94,48.53,,2
1991,4.0,0.089,265.17,53.62,39.12,46.37,,2
1991,5.0,0.078,264.87,38.71,47.37,43.04,,2
1991,6.0,0.07,264.98,28.85,52.35,40.6,,2
1991,7.0,0.064,265.7,22.66,53.78,38.22,,2
1991,8.0,0.064,267.99,21.1,50.17,35.64,,2
1991,9.0,0.066,270.47,19.59,46.9,33.25,,2
1991,10.0,0.069,273.04,17.76,44.29,31.02,,2
1991,11.0,0.08,276.37,18.17,39.01,28.59,,2
1991,12.0,0.097,279.5,18.49,38.33,28.41,,2
1991,13.0,0.114,282.01,16.37,37.79,27.08,,2
1991,14.0,0.13,283.52,11.68,42.36,27.02,,2
1991,15.0,0.153,284.78,10.16,47.48,28.82,,2
1991,16.0,0.182,286.35,11.03,50.16,30.59,,2
1991,17.0,0.215,287.52,14.38,58.92,36.65,,2
1991,18.0,0.256,288.43,22.03,67.47,44.75,,2
1991,19.0,0.306,289.29,32.65,74.03,53.34,,2
1991,20.0,0.352,290.46,42.71,72.32,57.52,,2
1991,21.0,0.392,291.87,50.69,63.99,57.34,,2
1991,22.0,0.421,292.58,56.87,58.62,57.75,,2
1991,23.0,0.441,293.36,61.36,49.79,55.58,,2
1991,24.0,0.456,294.68,64.32,34.01,49.17,,2
1991,25.0,0.466,295.66,68.14,23.16,45.65,,2
1991,26.0,0.468,295.95,69.19,20.92,45.05,,2
1991,27.0,0.462,295.69,68.6,26.17,47.39,,2
1991,28.0,0.454,295.46,66.73,31.35,49.04,,2
1991,29.0,0.441,295.22,61.63,38.27,49.95,,2
1991,30.0,0.429,295.14,58.49,43.84,51.16,,2
1991,31.0,0.414,294.93,52.95,44.69,48.82,,2
1991,32.0,0.406,294.8,50.72,42.53,46.62,,2
1991,33.0,0.402,294.62,51.72,40.22,45.97,,2
1991,34.0,0.395,294.4,52.89,35.22,44.05,,2
1991,35.0,0.38,293.72,52.34,30.95,41.64,,2
1991,36.0,0.364,292.52,52.37,29.84,41.11,,2
1991,37.0,0.352,291.52,55.24,23.86,39.55,,2
1991,38.0,0.343,290.8,59.16,17.38,38.27,,2
1991,39.0,0.326,289.71,59.59,13.16,36.37,,2
1991,40.0,0.304,287.89,58.09,16.98,37.53,,2
1991,41.0,0.279,285.6,56.93,23.2,40.07,,2
1991,42.0,0.253,282.94,56.19,33.45,44.82,,2
1991,43.0,0.223,279.94,53.7,43.2,48.45,,2
1991,44.0,0.187,277.38,48.21,43.42,45.82,,2
1991,45.0,0.16,275.12,45.34,40.53,42.93,,2
1991,46.0,0.14,273.69,44.99,35.84,40.42,,2
1991,47.0,0.118,272.09,42.07,35.59,38.83,,2
1991,48.0,0.099,270.42,37.69,37.17,37.43,,2
1991,49.0,0.086,268.75,33.87,37.65,35.76,,2
1991,50.0,0.084,268.11,35.35,33.14,34.24,,2
1991,51.0,0.082,268.16,39.72,26.73,33.23,,2
1991,52.0,0.079,268.25,41.91,23.14,32.52,,2
1992,1.0,0.08,268.0,46.73,20.76,33.75,,2
1992,2.0,0.083,268.49,53.45,15.52,34.48,,2
1992,3.0,0.088,269.35,58.54,12.96,35.75,,2
1992,4.0,0.092,270.17,56.29,15.04,35.66,,2
1992,5.0,0.092,270.79,48.3,20.77,34.54,,2
1992,6.0,0.093,271.56,42.98,24.14,33.56,,2
1992,7.0,0.094,272.94,39.27,22.47,30.87,,2
1992,8.0,0.1,274.53,39.48,20.75,30.12,,2
1992,9.0,0.108,275.92,40.45,20.92,30.68,,2
1992,10.0,0.115,277.16,40.05,24.12,32.09,,2
1992,11.0,0.124,278.45,38.58,29.17,33.88,,2
1992,12.0,0.131,279.21,34.46,41.23,37.85,,2
1992,13.0,0.143,279.79,30.93,53.21,42.07,,2
1992,14.0,0.165,280.79,29.43,64.8,47.12,,2
1992,15.0,0.187,281.95,27.55,75.75,51.65,,2
1992,16.0,0.216,283.59,29.06,81.91,55.49,,2
1992,17.0,0.251,285.37,32.6,85.41,59.0,,2
1992,18.0,0.283,287.05,35.13,84.99,60.06,,2
1992,19.0,0.316,288.64,37.55,82.83,60.19,,2
1992,20.0,0.343,289.86,38.62,79.78,59.2,,2
1992,21.0,0.372,291.35,41.1,70.26,55.68,,2
1992,22.0,0.388,292.43,39.65,60.11,49.88,,2
1992,23.0,0.398,293.28,38.29,50.48,44.39,,2
1992,24.0,0.408,294.38,38.04,37.44,37.74,,2
1992,25.0,0.415,295.11,39.42,29.58,34.5,,2
1992,26.0,0.418,295.66,40.78,24.28,32.53,,2
1992,27.0,0.42,296.12,43.81,20.94,32.38,,2
1992,28.0,0.418,296.45,45.31,19.01,32.16,,2
1992,29.0,0.413,296.25,44.56,24.51,34.54,,2
1992,30.0,0.406,296.2,44.55,29.44,37.0,,2
1992,31.0,0.397,296.65,42.59,21.91,32.25,,2
1992,32.0,0.386,296.45,38.56,20.85,29.71,,2
1992,33.0,0.367,295.94,31.3,22.87,27.08,,2
1992,34.0,0.344,294.73,23.79,30.96,27.38,,2
1992,35.0,0.315,292.61,17.44,46.17,31.8,,2
1992,36.0,0.29,290.38,15.38,57.32,36.35,,2
1992,37.0,0.274,288.68,17.24,58.45,37.84,,2
1992,38.0,0.255,286.77,17.64,66.63,42.13,,2
1992,39.0,0.236,284.32,17.95,80.31,49.13,,2
1992,40.0,0.216,281.83,17.75,89.18,53.46,,2
1992,41.0,0.196,279.98,17.97,88.38,53.17,,2
1992,42.0,0.164,277.03,12.74,93.31,53.03,,2
1992,43.0,0.139,274.03,10.93,93.09,52.01,,2
1992,44.0,0.121,272.33,12.02,80.59,46.31,,2
1992,45.0,0.106,270.44,13.54,70.15,41.85,,2
1992,46.0,0.093,268.06,16.31,67.55,41.93,,2
1992,47.0,0.082,265.53,18.85,69.68,44.27,,2
1992,48.0,0.074,263.51,21.06,70.88,45.97,,2
1992,49.0,0.067,262.68,21.16,65.62,43.39,,2
1992,50.0,0.064,263.01,20.86,56.51,38.68,,2
1992,51.0,0.063,263.53,25.41,48.55,36.98,,2
1992,52.0,0.064,264.07,29.59,43.22,36.4,,2
1993,1.0,0.064,264.83,31.51,35.97,33.74,,2
1993,2.0,0.065,266.01,35.77,27.99,31.88,,2
1993,3.0,0.067,267.28,37.79,23.55,30.67,,2
1993,4.0,0.071,267.78,37.98,26.59,32.28,,2
1993,5.0,0.073,268.7,34.84,30.19,32.52,,2
1993,6.0,0.071,268.75,29.49,36.4,32.95,,2
1993,7.0,0.066,268.16,23.58,43.64,33.61,,2
1993,8.0,0.062,268.32,19.83,49.48,34.66,,2
1993,9.0,0.063,269.04,18.49,54.99,36.74,,2
1993,10.0,0.067,270.08,17.12,60.66,38.89,,2
1993,11.0,0.074,271.86,15.36,64.48,39.92,,2
1993,12.0,0.089,274.27,14.95,68.4,41.68,,2
1993,13.0,0.106,276.8,13.16,71.48,42.32,,2
1993,14.0,0.13,279.21,11.91,75.3,43.61,,2
1993,15.0,0.163,282.2,15.55,71.63,43.59,,2
1993,16.0,0.211,285.94,26.43,55.47,40.95,,2
1993,17.0,0.254,289.19,34.18,39.61,36.89,,2
1993,18.0,0.293,291.45,39.72,31.7,35.71,,2
1993,19.0,0.33,292.67,44.56,33.09,38.82,,2
1993,20.0,0.359,293.03,46.44,41.18,43.81,,2
1993,21.0,0.384,293.41,46.76,45.08,45.92,,2
1993,22.0,0.398,293.37,44.68,48.95,46.81,,2
1993,23.0,0.403,293.02,41.17,53.22,47.2,,2
1993,24.0,0.403,292.6,35.61,58.76,47.19,,2
1993,25.0,0.403,292.27,33.58,64.05,48.82,,2
1993,26.0,0.4,292.04,31.82,67.25,49.53,,2
1993,27.0,0.4,291.98,33.03,69.57,51.3,,2
1993,28.0,0.4,291.97,35.0,73.92,54.46,,2
1993,29.0,0.404,292.24,39.79,77.04,58.41,,2
1993,30.0,0.405,292.48,44.61,78.78,61.69,,2
1993,31.0,0.403,292.28,46.36,78.77,62.56,,2
1993,32.0,0.394,291.71,43.81,81.79,62.8,,2
1993,33.0,0.376,291.04,36.75,85.53,61.14,,2
1993,34.0,0.353,290.35,29.48,86.8,58.14,,2
1993,35.0,0.327,289.35,24.54,86.02,55.28,,2
1993,36.0,0.303,287.77,22.8,85.47,54.13,,2
1993,37.0,0.288,286.78,24.24,79.01,51.62,,2
1993,38.0,0.274,286.04,26.08,74.28,50.18,,2
1993,39.0,0.253,284.76,25.71,74.19,49.95,,2
1993,40.0,0.23,283.08,23.91,74.52,49.22,,2
1993,41.0,0.206,281.17,23.02,75.18,49.1,,2
1993,42.0,0.193,279.33,27.1,70.83,48.97,,2
1993,43.0,0.184,277.18,33.99,67.11,50.55,,2
1993,44.0,0.183,274.7,45.43,63.42,54.42,,2
1993,45.0,0.18,272.43,55.04,57.53,56.29,,2
1993,46.0,0.179,270.76,62.33,52.21,57.27,,2
1993,47.0,0.178,269.85,68.13,47.1,57.61,,2
1993,48.0,0.175,269.41,71.32,42.0,56.66,,2
1993,49.0,0.172,268.53,73.6,38.57,56.08,,2
1993,50.0,0.174,268.42,76.92,31.59,54.25,,2
1993,51.0,0.173,268.95,79.59,22.86,51.22,,2
1993,52.0,0.17,268.72,81.13,20.74,50.94,,2
1994,1.0,0.092,268.4,56.45,18.75,37.6,,2
1994,2.0,0.087,267.52,57.83,20.4,39.11,,2
1994,3.0,0.09,266.29,60.49,28.62,44.55,,2
1994,4.0,0.093,265.17,56.87,39.22,48.04,,2
1994,5.0,0.094,264.17,50.07,50.74,50.4,,2
1994,6.0,0.097,264.24,45.28,56.07,50.67,,2
1994,7.0,0.099,264.99,42.34,57.58,49.96,,2
1994,8.0,0.106,266.82,42.8,56.31,49.55,,2
1994,9.0,0.121,270.35,47.11,48.33,47.72,,2
1994,10.0,0.132,273.02,47.85,45.51,46.68,,2
1994,11.0,0.142,275.46,47.25,45.36,46.3,,2
1994,12.0,0.153,278.11,44.74,47.36,46.05,,2
1994,13.0,0.163,280.52,40.57,48.52,44.55,,2
1994,14.0,0.176,282.83,35.16,48.63,41.89,,2
1994,15.0,0.195,284.54,32.28,50.3,41.29,,2
1994,16.0,0.23,286.36,36.35,50.71,43.53,,2
1994,17.0,0.265,287.89,39.93,55.28,47.6,,2
1994,18.0,0.296,288.67,41.6,65.41,53.51,,2
1994,19.0,0.327,289.47,42.81,72.35,57.58,,2
1994,20.0,0.357,289.78,45.03,79.98,62.51,,2
1994,21.0,0.382,290.51,45.56,79.64,62.6,,2
1994,22.0,0.409,291.73,49.88,68.46,59.17,,2
1994,23.0,0.428,292.49,54.67,59.62,57.14,,2
1994,24.0,0.444,293.73,58.14,45.06,51.6,,2
1994,25.0,0.451,295.33,59.89,27.05,43.47,,2
1994,26.0,0.444,296.91,56.01,14.72,35.37,,2
1994,27.0,0.429,297.99,49.66,10.23,29.95,,2
1994,28.0,0.409,298.94,39.87,6.79,23.33,,2
1994,29.0,0.385,299.68,29.05,4.91,16.98,,2
1994,30.0,0.359,299.55,19.97,6.71,13.34,,2
1994,31.0,0.336,298.56,13.24,10.58,11.91,,2
1994,32.0,0.318,297.17,8.87,17.47,13.17,,2
1994,33.0,0.303,295.77,6.98,26.64,16.81,,2
1994,34.0,0.293,294.84,7.54,30.42,18.98,,2
1994,35.0,0.287,294.39,11.31,24.65,17.98,,2
1994,36.0,0.288,294.36,19.5,14.74,17.12,,2
1994,37.0,-1.0,-1.0,-1.0,-1.0,-1.0,,2
1994,38.0,-1.0,-1.0,-1.0,-1.0,-1.0,,2
1994,39.0,-1.0,-1.0,-1.0,-1.0,-1.0,,2
1994,40.0,-1.0,-1.0,-1.0,-1.0,-1.0,,2
1994,41.0,-1.0,-1.0,-1.0,-1.0,-1.0,,2
1994,42.0,-1.0,-1.0,-1.0,-1.0,-1.0,,2
1994,43.0,-1.0,-1.0,-1.0,-1.0,-1.0,,2
1994,44.0,-1.0,-1.0,-1.0,-1.0,-1.0,,2
1994,45.0,-1.0,-1.0,-1.0,-1.0,-1.0,,2
1994,46.0,-1.0,-1.0,-1.0,-1.0,-1.0,,2
1994,47.0,-1.0,-1.0,-1.0,-1.0,-1.0,,2
1994,48.0,-1.0,-1.0,-1.0,-1.0,-1.0,,2
1994,49.0,-1.0,-1.0,-1.0,-1.0,-1.0,,2
1994,50.0,-1.0,-1.0,-1.0,-1.0,-1.0,,2
1994,51.0,-1.0,-1.0,-1.0,-1.0,-1.0,,2
1994,52.0,-1.0,-1.0,-1.0,-1.0,-1.0,,2
1995,1.0,-1.0,-1.0,-1.0,-1.0,-1.0,,2
1995,2.0,-1.0,-1.0,-1.0,-1.0,-1.0,,2
1995,3.0,-1.0,-1.0,-1.0,-1.0,-1.0,,2
1995,4.0,0.149,271.24,93.29,11.54,52.42,,2
1995,5.0,0.157,272.4,89.18,14.25,51.71,,2
1995,6.0,0.159,273.56,82.14,15.81,48.97,,2
1995,7.0,0.16,274.93,75.79,14.1,44.95,,2
1995,8.0,0.159,276.02,69.97,14.33,42.15,,2
1995,9.0,0.157,276.53,64.56,18.44,41.5,,2
1995,10.0,0.153,276.56,58.13,28.04,43.09,,2
1995,11.0,0.152,276.57,51.8,40.04,45.92,,2
1995,12.0,0.152,276.65,44.5,55.66,50.08,,2
1995,13.0,0.161,277.94,39.73,64.14,51.94,,2
1995,14.0,0.185,280.35,39.55,66.15,52.85,,2
1995,15.0,0.211,282.98,40.2,63.5,51.85,,2
1995,16.0,0.242,285.77,42.61,56.72,49.67,,2
1995,17.0,0.27,287.47,42.75,59.85,51.3,,2
1995,18.0,0.299,288.88,42.95,62.41,52.68,,2
1995,19.0,0.333,290.39,46.02,61.03,53.53,,2
1995,20.0,0.37,291.84,51.31,55.91,53.61,,2
1995,21.0,0.398,293.23,53.79,47.27,50.53,,2
1995,22.0,0.422,294.39,56.52,37.14,46.83,,2
1995,23.0,0.439,294.89,59.97,31.85,45.91,,2
1995,24.0,0.455,295.12,62.96,28.41,45.68,,2
1995,25.0,0.462,295.3,64.94,26.99,45.96,,2
1995,26.0,0.466,295.76,67.02,22.57,44.8,,2
1995,27.0,0.468,296.49,70.99,16.22,43.6,,2
1995,28.0,0.464,296.82,71.33,14.24,42.79,,2
1995,29.0,0.456,297.22,69.67,11.87,40.77,,2
1995,30.0,0.447,297.54,68.09,12.17,40.13,,2
1995,31.0,0.432,297.19,62.27,15.23,38.75,,2
1995,32.0,0.42,296.9,57.52,15.3,36.41,,2
1995,33.0,0.406,296.39,52.95,16.84,34.89,,2
1995,34.0,0.39,295.5,48.83,20.31,34.57,,2
1995,35.0,0.37,294.18,45.76,24.96,35.36,,2
1995,36.0,0.357,292.57,48.4,29.88,39.14,,2
1995,37.0,0.344,291.15,50.85,28.95,39.9,,2
1995,38.0,0.334,289.92,54.06,28.35,41.21,,2
1995,39.0,0.323,288.69,57.87,25.59,41.73,,2
1995,40.0,0.308,287.44,59.58,22.13,40.85,,2
1995,41.0,0.284,285.59,58.64,22.91,40.77,,2
1995,42.0,0.255,283.0,57.11,32.13,44.62,,2
1995,43.0,0.212,279.29,47.99,48.04,48.01,,2
1995,44.0,0.162,274.38,33.72,64.53,49.13,,2
1995,45.0,0.129,271.03,26.14,65.33,45.73,,2
1995,46.0,0.105,268.81,22.98,62.52,42.75,,2
1995,47.0,0.091,267.21,23.52,60.43,41.98,,2
1995,48.0,0.079,266.1,23.05,57.97,40.51,,2
1995,49.0,0.071,264.66,22.72,56.18,39.45,,2
1995,50.0,0.064,263.08,19.49,55.7,37.59,,2
1995,51.0,0.052,261.43,14.93,57.81,36.37,,2
1995,52.0,0.046,260.34,12.93,60.16,36.55,,2
1996,1.0,0.041,259.47,9.09,60.8,34.95,,2
1996,2.0,0.04,259.49,9.98,60.39,35.19,,2
1996,3.0,0.04,259.94,10.39,60.37,35.38,,2
1996,4.0,0.036,259.43,8.55,66.35,37.45,,2
1996,5.0,0.033,258.91,6.71,73.65,40.18,,2
1996,6.0,0.032,258.86,5.19,78.32,41.76,,2
1996,7.0,0.031,259.5,3.87,80.14,42.01,,2
1996,8.0,0.03,260.88,3.26,81.71,42.48,,2
1996,9.0,0.032,262.8,2.96,83.5,43.23,,2
1996,10.0,0.037,264.99,2.55,84.71,43.63,,2
1996,11.0,0.046,267.58,2.54,85.39,43.96,,2
1996,12.0,0.064,270.81,3.25,86.09,44.67,,2
1996,13.0,0.091,274.79,5.55,83.6,44.57,,2
1996,14.0,0.127,278.67,10.01,80.29,45.15,,2
1996,15.0,0.163,282.64,15.43,68.22,41.82,,2
1996,16.0,0.204,286.86,22.61,44.62,33.62,,2
1996,17.0,0.24,289.75,26.99,32.43,29.71,,2
1996,18.0,0.279,291.95,32.25,25.43,28.84,,2
1996,19.0,0.318,293.04,37.54,28.18,32.86,,2
1996,20.0,0.36,294.18,45.31,26.78,36.05,,2
1996,21.0,0.4,295.28,52.96,22.14,37.55,,2
1996,22.0,0.421,295.37,54.56,25.82,40.19,,2
1996,23.0,0.429,295.08,52.79,29.95,41.37,,2
1996,24.0,0.428,294.67,47.38,34.0,40.69,,2
1996,25.0,0.418,293.8,39.67,45.53,42.6,,2
1996,26.0,0.41,293.19,35.01,54.04,44.52,,2
1996,27.0,0.398,292.64,30.51,62.6,46.55,,2
1996,28.0,0.391,292.61,28.4,67.11,47.76,,2
1996,29.0,0.387,292.92,28.95,69.4,49.18,,2
1996,30.0,0.376,292.64,26.76,77.65,52.2,,2
1996,31.0,0.368,292.37,25.22,78.44,51.83,,2
1996,32.0,0.362,292.31,24.33,75.54,49.93,,2
1996,33.0,0.36,292.34,26.6,70.77,48.68,,2
1996,34.0,0.359,292.19,31.54,65.48,48.51,,2
1996,35.0,0.348,291.22,34.02,65.05,49.53,,2
1996,36.0,0.325,289.31,32.63,70.39,51.51,,2
1996,37.0,0.3,286.8,29.62,79.83,54.73,,2
1996,38.0,0.284,285.57,31.01,79.35,55.18,,2
1996,39.0,0.273,284.67,34.77,74.44,54.61,,2
1996,40.0,0.261,283.98,38.09,63.62,50.86,,2
1996,41.0,0.244,282.95,40.24,54.4,47.32,,2
1996,42.0,0.219,281.23,39.22,51.37,45.29,,2
1996,43.0,0.187,278.52,35.19,55.98,45.59,,2
1996,44.0,0.152,275.42,28.69,58.68,43.68,,2
1996,45.0,0.128,273.52,26.35,51.46,38.9,,2
1996,46.0,0.108,271.11,25.4,51.24,38.32,,2
1996,47.0,0.091,268.72,24.9,53.88,39.39,,2
1996,48.0,0.077,266.6,23.1,56.47,39.79,,2
1996,49.0,0.068,264.87,21.63,56.32,38.98,,2
1996,50.0,0.066,263.62,22.27,54.57,38.42,,2
1996,51.0,0.073,263.69,32.04,48.55,40.29,,2
1996,52.0,0.081,264.12,43.09,43.64,43.37,,2
1997,1.0,0.093,265.23,58.32,35.01,46.67,,2
1997,2.0,0.101,266.43,71.27,27.05,49.16,,2
1997,3.0,0.108,267.83,77.19,21.48,49.34,,2
1997,4.0,0.118,269.0,77.27,21.19,49.23,,2
1997,5.0,0.135,270.58,77.64,21.98,49.81,,2
1997,6.0,0.151,272.56,78.28,19.76,49.02,,2
1997,7.0,0.161,274.37,76.36,16.11,46.24,,2
1997,8.0,0.169,276.18,75.13,12.91,44.02,,2
1997,9.0,0.176,277.62,73.67,12.13,42.9,,2
1997,10.0,0.186,279.31,73.45,12.63,43.04,,2
1997,11.0,0.194,281.03,71.03,14.79,42.91,,2
1997,12.0,0.194,282.31,64.02,23.53,43.77,,2
1997,13.0,0.202,283.42,59.03,29.58,44.3,,2
1997,14.0,0.206,283.97,49.92,39.51,44.72,,2
1997,15.0,0.21,285.08,39.65,45.22,42.44,,2
1997,16.0,0.225,286.97,33.62,44.18,38.9,,2
1997,17.0,0.243,288.69,28.64,45.58,37.11,,2
1997,18.0,0.261,289.85,23.77,51.05,37.41,,2
1997,19.0,0.286,290.79,22.42,55.92,39.17,,2
1997,20.0,0.313,291.6,23.58,58.16,40.87,,2
1997,21.0,0.343,291.73,25.75,65.12,45.44,,2
1997,22.0,0.372,291.56,29.83,69.86,49.84,,2
1997,23.0,0.394,292.05,35.22,64.52,49.87,,2
1997,24.0,0.415,292.92,41.55,55.28,48.41,,2
1997,25.0,0.43,293.41,47.6,50.42,49.01,,2
1997,26.0,0.443,293.79,54.98,46.77,50.88,,2
1997,27.0,0.443,293.38,57.16,53.67,55.41,,2
1997,28.0,0.436,293.07,55.48,61.36,58.42,,2
1997,29.0,0.439,293.49,60.11,61.83,60.97,,2
1997,30.0,0.443,293.78,66.51,62.59,64.55,,2
1997,31.0,0.441,293.79,67.95,60.05,64.0,,2
1997,32.0,0.438,293.71,68.45,57.24,62.85,,2
1997,33.0,0.434,293.37,69.81,57.29,63.55,,2
1997,34.0,0.431,292.83,72.4,56.98,64.69,,2
1997,35.0,0.427,292.08,76.74,53.6,65.17,,2
1997,36.0,0.416,290.86,78.44,51.19,64.82,,2
1997,37.0,0.401,289.43,78.42,49.45,63.93,,2
1997,38.0,0.387,287.95,79.33,52.3,65.82,,2
1997,39.0,0.365,286.23,77.4,56.64,67.02,,2
1997,40.0,0.329,283.67,69.31,67.53,68.42,,2
1997,41.0,0.29,280.9,61.74,77.91,69.82,,2
1997,42.0,0.255,278.52,57.26,78.75,68.0,,2
1997,43.0,0.224,275.55,53.97,81.12,67.55,,2
1997,44.0,0.188,272.98,48.5,76.55,62.52,,2
1997,45.0,0.153,270.08,40.77,72.64,56.71,,2
1997,46.0,0.123,267.14,34.12,72.71,53.41,,2
1997,47.0,0.093,264.57,25.52,74.49,50.0,,2
1997,48.0,0.077,262.15,22.96,77.67,50.32,,2
1997,49.0,0.067,260.03,21.1,78.29,49.7,,2
1997,50.0,0.062,259.08,19.15,75.18,47.17,,2
1997,51.0,0.066,259.73,27.71,67.2,47.45,,2
1997,52.0,0.075,261.53,39.1,55.92,47.51,,2
1998,1.0,0.086,263.72,52.82,41.74,47.28,,2
1998,2.0,0.102,266.48,72.1,26.0,49.05,,2
1998,3.0,0.115,268.82,84.26,15.81,50.03,,2
1998,4.0,0.127,270.32,84.32,14.49,49.41,,2
1998,5.0,0.138,271.4,79.89,18.24,49.07,,2
1998,6.0,0.149,272.28,77.01,21.25,49.13,,2
1998,7.0,0.159,273.08,75.14,22.11,48.62,,2
1998,8.0,0.168,273.91,74.02,23.83,48.93,,2
1998,9.0,0.175,274.41,73.07,28.65,50.86,,2
1998,10.0,0.184,274.96,72.39,35.86,54.12,,2
1998,11.0,0.188,275.58,68.08,45.06,56.57,,2
1998,12.0,0.188,276.72,60.85,55.56,58.2,,2
1998,13.0,0.193,278.49,54.93,61.87,58.4,,2
1998,14.0,0.204,280.35,48.93,68.33,58.63,,2
1998,15.0,0.225,282.69,47.97,68.39,58.18,,2
1998,16.0,0.255,284.81,49.39,68.27,58.83,,2
1998,17.0,0.291,286.87,53.12,67.86,60.49,,2
1998,18.0,0.322,288.41,53.98,69.05,61.51,,2
1998,19.0,0.355,290.01,56.4,66.45,61.43,,2
1998,20.0,0.385,291.32,58.51,62.51,60.51,,2
1998,21.0,0.4,291.84,54.76,64.68,59.72,,2
1998,22.0,0.411,292.24,51.2,62.55,56.87,,2
1998,23.0,0.42,292.82,50.49,55.73,53.11,,2
1998,24.0,0.419,292.74,44.34,57.08,50.71,,2
1998,25.0,0.413,292.13,39.5,65.51,52.5,,2
1998,26.0,0.406,291.45,35.16,74.21,54.68,,2
1998,27.0,0.404,291.33,35.98,77.4,56.69,,2
1998,28.0,0.412,292.14,41.89,72.6,57.25,,2
1998,29.0,0.425,293.14,52.2,66.27,59.24,,2
1998,30.0,0.434,293.83,61.48,62.04,61.76,,2
1998,31.0,0.433,293.61,63.52,62.42,62.97,,2
1998,32.0,0.432,293.28,65.31,62.67,63.99,,2
1998,33.0,0.428,292.49,66.14,68.71,67.42,,2
1998,34.0,0.416,291.28,63.81,77.7,70.76,,2
1998,35.0,0.409,290.87,66.83,70.16,68.49,,2
1998,36.0,0.4,290.16,69.67,60.71,65.19,,2
1998,37.0,0.378,288.83,66.89,57.08,61.98,,2
1998,38.0,0.353,287.25,63.05,61.09,62.07,,2
1998,39.0,0.323,285.48,57.37,66.05,61.71,,2
1998,40.0,0.289,283.31,50.61,72.02,61.32,,2
1998,41.0,0.255,281.0,44.89,76.91,60.9,,2
1998,42.0,0.223,278.48,41.02,78.85,59.93,,2
1998,43.0,0.19,275.68,36.94,79.49,58.21,,2
1998,44.0,0.154,271.91,30.05,83.53,56.79,,2
1998,45.0,0.122,268.31,22.87,82.98,52.93,,2
1998,46.0,0.097,264.72,18.31,85.38,51.85,,2
1998,47.0,0.082,262.4,18.47,85.26,51.86,,2
1998,48.0,0.077,261.26,22.76,81.63,52.19,,2
1998,49.0,0.074,260.61,25.35,75.13,50.24,,2
1998,50.0,0.071,260.15,24.92,69.43,47.18,,2
1998,51.0,0.07,260.58,29.78,62.09,45.93,,2
1998,52.0,0.072,262.11,35.44,51.89,43.67,,2
1999,1.0,0.076,263.54,42.3,41.27,41.79,,2
1999,2.0,0.081,264.1,50.88,36.52,43.7,,2
1999,3.0,0.086,264.38,55.69,36.59,46.14,,2
1999,4.0,0.09,264.05,54.25,42.46,48.35,,2
1999,5.0,0.091,263.01,47.5,53.55,50.52,,2
1999,6.0,0.091,261.96,41.09,63.1,52.1,,2
1999,7.0,0.094,261.84,38.81,68.38,53.6,,2
1999,8.0,0.103,263.37,40.74,69.2,54.97,,2
1999,9.0,0.119,266.93,45.43,63.02,54.23,,2
1999,10.0,0.142,271.77,52.62,50.65,51.64,,2
1999,11.0,0.172,275.7,60.83,43.19,52.01,,2
1999,12.0,0.199,279.13,66.17,41.1,53.64,,2
1999,13.0,0.223,282.13,69.23,37.78,53.5,,2
1999,14.0,0.25,284.51,72.45,35.2,53.83,,2
1999,15.0,0.279,286.36,75.9,32.68,54.29,,2
1999,16.0,0.314,288.44,80.51,27.72,54.12,,2
1999,17.0,0.353,290.24,84.65,27.32,55.99,,2
1999,18.0,0.396,291.45,89.8,31.97,60.89,,2
1999,19.0,0.434,292.56,93.43,34.64,64.03,,2
1999,20.0,0.463,293.72,95.12,32.66,63.89,,2
1999,21.0,0.483,294.82,94.46,27.74,61.1,,2
1999,22.0,0.494,295.8,93.24,20.56,56.9,,2
1999,23.0,0.494,296.26,89.19,16.01,52.6,,2
1999,24.0,0.496,296.5,85.39,11.89,48.64,,2
1999,25.0,0.495,296.85,83.23,8.48,45.85,,2
1999,26.0,0.49,296.85,81.26,9.99,45.63,,2
1999,27.0,0.484,296.33,80.5,18.41,49.45,,2
1999,28.0,0.473,295.83,77.06,26.74,51.9,,2
1999,29.0,0.456,295.26,69.93,37.79,53.86,,2
1999,30.0,0.437,294.59,62.32,51.59,56.95,,2
1999,31.0,0.417,293.71,53.9,60.93,57.41,,2
1999,32.0,0.407,292.87,50.06,68.04,59.05,,2
1999,33.0,0.404,292.54,51.89,68.21,60.05,,2
1999,34.0,0.402,292.28,56.04,64.36,60.2,,2
1999,35.0,0.399,291.76,61.31,57.94,59.62,,2
1999,36.0,0.387,291.06,63.17,49.15,56.16,,2
1999,37.0,0.366,290.32,61.0,39.08,50.04,,2
1999,38.0,0.34,289.2,56.55,37.26,46.9,,2
1999,39.0,0.312,287.36,52.73,42.68,47.7,,2
1999,40.0,0.288,284.77,50.1,54.53,52.32,,2
1999,41.0,0.263,281.56,48.93,70.52,59.73,,2
1999,42.0,0.239,279.54,49.07,68.39,58.73,,2
1999,43.0,0.213,277.57,48.49,63.66,56.07,,2
1999,44.0,0.183,275.53,45.27,57.08,51.17,,2
1999,45.0,0.15,273.72,39.0,49.25,44.12,,2
1999,46.0,0.119,271.92,31.42,45.55,38.48,,2
1999,47.0,0.087,270.08,22.0,45.61,33.8,,2
1999,48.0,0.065,268.24,15.71,47.41,31.56,,2
1999,49.0,0.052,266.77,12.11,46.47,29.29,,2
1999,50.0,0.044,266.34,7.14,40.94,24.04,,2
1999,51.0,0.039,265.87,7.77,37.05,22.41,,2
1999,52.0,0.038,265.49,9.23,35.86,22.55,,2
2000,1.0,0.041,264.68,13.12,36.19,24.65,,2
2000,2.0,0.046,264.21,18.06,36.93,27.49,,2
2000,3.0,0.054,264.51,25.15,37.56,31.36,,2
2000,4.0,0.067,265.0,34.61,39.96,37.28,,2
2000,5.0,0.079,265.9,38.86,42.83,40.85,,2
2000,6.0,0.094,267.94,43.25,39.81,41.53,,2
2000,7.0,0.11,270.06,47.64,35.18,41.41,,2
2000,8.0,0.125,272.05,52.32,32.22,42.27,,2
2000,9.0,0.143,273.87,57.47,31.08,44.28,,2
2000,10.0,0.158,275.7,60.05,31.73,45.89,,2
2000,11.0,0.174,277.72,61.74,33.17,47.46,,2
2000,12.0,0.189,279.66,61.57,38.65,50.11,,2
2000,13.0,0.209,282.06,62.8,38.41,50.6,,2
2000,14.0,0.235,284.51,65.1,35.14,50.12,,2
2000,15.0,0.269,286.88,71.04,27.43,49.23,,2
2000,16.0,0.313,288.57,79.98,25.95,52.96,,2
2000,17.0,0.356,289.74,85.58,33.25,59.41,,2
2000,18.0,0.398,290.72,89.51,40.91,65.21,,2
2000,19.0,0.424,291.41,88.02,49.06,68.54,,2
2000,20.0,0.44,292.02,83.95,53.74,68.85,,2
2000,21.0,0.453,292.99,80.29,50.5,65.4,,2
2000,22.0,0.458,293.69,74.95,45.64,60.29,,2
2000,23.0,0.459,294.11,69.64,41.14,55.39,,2
2000,24.0,0.461,294.28,65.65,38.86,52.26,,2
2000,25.0,0.457,294.12,61.32,41.95,51.63,,2
2000,26.0,0.449,293.97,57.02,44.69,50.86,,2
2000,27.0,0.436,293.68,52.06,50.05,51.05,,2
2000,28.0,0.427,293.56,48.91,54.96,51.94,,2
2000,29.0,0.424,293.48,50.34,61.58,55.96,,2
2000,30.0,0.42,293.5,52.25,66.12,59.19,,2
2000,31.0,0.412,293.16,50.4,68.11,59.25,,2
2000,32.0,0.406,292.73,49.8,69.74,59.77,,2
2000,33.0,0.406,292.69,53.31,66.04,59.68,,2
2000,34.0,0.402,292.18,55.84,65.52,60.68,,2
2000,35.0,0.389,290.86,56.16,69.96,63.06,,2
2000,36.0,0.375,289.42,57.73,69.61,63.67,,2
2000,37.0,0.361,288.16,59.17,64.95,62.06,,2
2000,38.0,0.34,286.43,57.24,70.64,63.94,,2
2000,39.0,0.318,285.38,55.74,67.71,61.73,,2
2000,40.0,0.296,285.19,54.2,49.79,51.99,,2
2000,41.0,0.275,284.18,54.62,40.11,47.37,,2
2000,42.0,0.253,282.92,55.89,33.78,44.83,,2
2000,43.0,0.226,281.6,55.18,28.88,42.03,,2
2000,44.0,0.192,279.92,50.62,24.29,37.46,,2
2000,45.0,0.173,278.57,52.52,18.68,35.6,,2
2000,46.0,0.162,277.29,57.31,15.72,36.51,,2
2000,47.0,0.152,275.86,61.62,16.07,38.84,,2
2000,48.0,0.145,274.47,65.54,17.28,41.41,,2
2000,49.0,0.141,273.06,69.28,17.49,43.38,,2
2000,50.0,0.138,271.55,72.12,17.03,44.57,,2
2000,51.0,0.133,269.23,74.43,21.56,47.99,,2
2000,52.0,0.111,268.58,66.02,21.53,43.78,,2
2001,1.0,0.089,268.33,54.13,19.17,36.65,,2
2001,2.0,0.091,267.43,60.67,20.75,40.71,,2
2001,3.0,0.1,267.43,68.61,22.38,45.49,,2
2001,4.0,0.106,267.55,66.78,27.34,47.06,,2
2001,5.0,0.11,267.63,60.11,34.53,47.32,,2
2001,6.0,0.118,268.29,57.78,37.44,47.61,,2
2001,7.0,0.122,268.95,54.51,38.81,46.66,,2
2001,8.0,0.132,270.55,55.44,37.98,46.71,,2
2001,9.0,0.141,271.54,56.26,42.1,49.18,,2
2001,10.0,0.159,273.24,61.01,44.3,52.65,,2
2001,11.0,0.191,275.94,69.81,42.61,56.21,,2
2001,12.0,0.213,278.38,72.68,45.6,59.14,,2
2001,13.0,0.231,281.26,73.44,43.57,58.5,,2
2001,14.0,0.247,283.56,70.9,42.78,56.84,,2
2001,15.0,0.261,285.54,66.67,40.61,53.64,,2
2001,16.0,0.284,287.85,64.79,34.12,49.46,,2
2001,17.0,0.317,289.56,66.29,35.48,50.88,,2
2001,18.0,0.359,291.13,71.99,35.9,53.94,,2
2001,19.0,0.391,292.28,73.27,38.0,55.64,,2
2001,20.0,0.41,292.82,69.9,43.84,56.87,,2
2001,21.0,0.417,292.57,62.61,55.58,59.09,,2
2001,22.0,0.418,291.86,54.45,66.86,60.65,,2
2001,23.0,0.418,291.44,48.61,71.38,59.99,,2
2001,24.0,0.424,291.59,46.56,70.78,58.67,,2
2001,25.0,0.436,292.15,50.94,65.64,58.29,,2
2001,26.0,0.447,292.98,56.66,56.63,56.65,,2
2001,27.0,0.457,293.92,64.67,47.37,56.02,,2
2001,28.0,0.461,294.52,70.36,43.3,56.83,,2
2001,29.0,0.458,294.62,71.34,46.64,58.99,,2
2001,30.0,0.458,294.84,75.12,48.21,61.67,,2
2001,31.0,0.456,294.91,77.16,45.14,61.15,,2
2001,32.0,0.447,294.32,74.0,49.3,61.65,,2
2001,33.0,0.441,293.7,73.61,52.83,63.22,,2
2001,34.0,0.428,292.65,70.69,59.38,65.03,,2
2001,35.0,0.407,290.91,65.89,69.19,67.54,,2
2001,36.0,0.384,288.87,62.15,75.35,68.75,,2
2001,37.0,0.364,287.27,60.61,73.67,67.14,,2
2001,38.0,0.346,286.07,60.11,73.11,66.61,,2
2001,39.0,0.338,284.93,64.57,71.25,67.91,,2
2001,40.0,0.324,283.57,66.74,67.74,67.24,,2
2001,41.0,0.313,281.85,71.92,66.16,69.04,,2
2001,42.0,0.292,280.02,74.92,62.89,68.91,,2
2001,43.0,0.266,277.88,75.21,60.59,67.9,,2
2001,44.0,0.237,274.68,74.44,63.19,68.81,,2
2001,45.0,0.205,271.45,70.21,63.58,66.9,,2
2001,46.0,0.17,268.66,61.98,63.98,62.98,,2
2001,47.0,0.133,264.8,50.26,73.29,61.78,,2
2001,48.0,0.101,261.01,37.69,83.0,60.35,,2
2001,49.0,0.085,258.0,32.49,87.13,59.81,,2
2001,50.0,0.075,256.5,28.16,86.19,57.17,,2
2001,51.0,0.069,255.82,29.31,84.61,56.96,,2
2001,52.0,0.072,255.51,35.39,83.82,59.6,,2
2002,1.0,0.076,255.93,42.04,78.54,60.29,,2
2002,2.0,0.08,257.41,50.69,71.7,61.19,,2
2002,3.0,0.096,260.89,65.58,56.13,60.86,,2
2002,4.0,0.124,265.69,82.04,36.37,59.2,,2
2002,5.0,0.152,269.23,89.66,27.53,58.6,,2
2002,6.0,0.176,272.02,92.94,21.79,57.37,,2
2002,7.0,0.196,274.3,95.17,16.43,55.8,,2
2002,8.0,0.211,275.88,96.02,14.49,55.25,,2
2002,9.0,0.224,277.48,96.99,13.08,55.04,,2
2002,10.0,0.237,279.41,97.6,12.33,54.97,,2
2002,11.0,0.251,281.27,97.43,13.62,55.53,,2
2002,12.0,0.265,282.83,96.67,20.63,58.65,,2
2002,13.0,0.277,283.82,95.44,26.95,61.2,,2
2002,14.0,0.291,284.88,92.99,32.17,62.58,,2
2002,15.0,0.303,285.79,88.31,38.24,63.27,,2
2002,16.0,0.326,287.49,86.32,38.33,62.33,,2
2002,17.0,0.363,289.84,89.22,31.9,60.56,,2
2002,18.0,0.395,291.3,89.09,33.64,61.36,,2
2002,19.0,0.418,292.18,85.39,39.46,62.42,,2
2002,20.0,0.436,292.63,81.62,46.34,63.98,,2
2002,21.0,0.449,292.92,77.02,51.46,64.24,,2
2002,22.0,0.456,293.08,72.93,53.03,62.98,,2
2002,23.0,0.465,293.46,72.38,49.06,60.72,,2
2002,24.0,0.471,294.05,71.37,42.13,56.75,,2
2002,25.0,0.476,294.81,72.26,33.88,53.07,,2
2002,26.0,0.472,295.44,70.46,27.51,48.98,,2
2002,27.0,0.462,296.0,67.17,22.75,44.96,,2
2002,28.0,0.446,296.13,60.71,23.37,42.04,,2
2002,29.0,0.436,296.6,57.13,20.39,38.76,,2
2002,30.0,0.432,297.1,59.18,17.97,38.58,,2
2002,31.0,0.424,297.14,57.28,15.87,36.57,,2
2002,32.0,0.41,296.93,51.47,14.98,33.22,,2
2002,33.0,0.399,296.83,48.61,11.51,30.06,,2
2002,34.0,0.385,296.42,45.62,8.68,27.15,,2
2002,35.0,0.356,294.95,38.14,14.86,26.5,,2
2002,36.0,0.328,293.23,33.67,21.71,27.69,,2
2002,37.0,0.305,290.54,31.64,36.18,33.91,,2
2002,38.0,0.284,287.59,30.44,56.77,43.6,,2
2002,39.0,0.27,285.49,32.84,66.26,49.55,,2
2002,40.0,0.255,283.87,34.86,66.0,50.43,,2
2002,41.0,0.238,282.06,36.88,65.32,51.1,,2
2002,42.0,0.217,280.03,38.19,63.83,51.01,,2
2002,43.0,0.198,278.19,40.24,58.66,49.45,,2
2002,44.0,0.178,276.48,42.03,50.37,46.2,,2
2002,45.0,0.16,274.74,43.83,43.1,43.47,,2
2002,46.0,0.145,272.8,46.69,41.04,43.87,,2
2002,47.0,0.133,270.4,49.65,44.62,47.14,,2
2002,48.0,0.12,267.67,48.92,50.99,49.95,,2
2002,49.0,0.107,264.38,46.15,58.18,52.17,,2
2002,50.0,0.097,261.65,43.42,63.19,53.3,,2
2002,51.0,0.091,259.83,44.65,66.45,55.55,,2
2002,52.0,0.088,258.97,47.26,67.93,57.59,,2
2003,1.0,0.089,259.12,52.63,63.78,58.21,,2
2003,2.0,0.087,258.78,54.86,65.26,60.06,,2
2003,3.0,0.085,258.89,53.16,66.7,59.93,,2
2003,4.0,0.081,258.95,46.36,68.7,57.53,,2
2003,5.0,0.077,259.27,37.5,71.67,54.59,,2
2003,6.0,0.073,259.74,30.34,74.05,52.19,,2
2003,7.0,0.071,260.87,25.91,74.16,50.03,,2
2003,8.0,0.071,262.51,24.13,74.73,49.43,,2
2003,9.0,-1.0,-1.0,-1.0,-1.0,-1.0,,2
2003,10.0,0.098,268.08,31.77,70.04,50.91,,2
2003,11.0,0.126,271.25,39.59,67.22,53.4,,2
2003,12.0,0.156,274.42,46.12,67.46,56.79,,2
2003,13.0,0.179,277.11,47.97,69.92,58.94,,2
2003,14.0,0.207,280.66,50.73,65.36,58.04,,2
2003,15.0,0.237,284.15,53.7,54.09,53.89,,2
2003,16.0,0.266,287.12,55.18,42.37,48.78,,2
2003,17.0,0.301,289.56,57.89,35.4,46.65,,2
2003,18.0,0.342,291.48,63.24,31.54,47.39,,2
2003,19.0,0.383,293.29,69.18,25.9,47.54,,2
2003,20.0,0.413,294.39,71.3,25.28,48.29,,2
2003,21.0,0.44,295.0,73.27,26.53,49.9,,2
2003,22.0,0.461,295.63,76.45,23.85,50.15,,2
2003,23.0,0.475,295.91,78.43,21.74,50.08,,2
2003,24.0,0.477,295.73,74.63,22.78,48.7,,2
2003,25.0,0.469,295.3,67.96,28.32,48.14,,2
2003,26.0,0.454,294.67,60.31,36.45,48.38,,2
2003,27.0,0.448,294.83,59.26,36.54,47.9,,2
2003,28.0,0.444,295.2,59.69,34.99,47.34,,2
2003,29.0,0.441,295.43,60.27,35.94,48.1,,2
2003,30.0,0.433,295.54,59.99,38.97,49.48,,2
2003,31.0,0.428,295.62,59.82,35.92,47.87,,2
2003,32.0,0.419,295.31,56.44,36.13,46.29,,2
2003,33.0,0.401,294.55,49.76,41.29,45.53,,2
2003,34.0,0.382,293.33,44.07,49.6,46.83,,2
2003,35.0,0.371,292.56,46.07,46.99,46.53,,2
2003,36.0,0.361,291.84,49.91,39.7,44.8,,2
2003,37.0,0.349,290.75,52.6,34.63,43.62,,2
2003,38.0,0.329,289.32,51.48,36.66,44.07,,2
2003,39.0,0.307,287.42,50.1,42.47,46.28,,2
2003,40.0,0.287,285.11,49.18,50.8,49.99,,2
2003,41.0,0.267,282.51,50.31,59.69,55.0,,2
2003,42.0,0.249,280.14,53.41,62.48,57.95,,2
2003,43.0,0.228,278.16,55.48,58.77,57.12,,2
2003,44.0,0.207,276.54,57.74,49.88,53.81,,2
2003,45.0,0.181,275.07,56.33,41.0,48.67,,2
2003,46.0,0.157,273.31,54.21,38.13,46.17,,2
2003,47.0,0.141,271.43,54.63,39.0,46.81,,2
2003,48.0,0.137,269.87,60.19,39.73,49.96,,2
2003,49.0,0.138,268.18,67.39,40.2,53.79,,2
2003,50.0,0.137,266.25,73.75,41.71,57.73,,2
2003,51.0,0.129,263.65,74.99,48.25,61.62,,2
2003,52.0,0.111,259.62,68.11,64.35,66.23,,2
2004,1.0,0.091,254.74,56.65,77.64,67.14,,2
2004,2.0,-1.0,-1.0,-1.0,-1.0,-1.0,,2
2004,3.0,-1.0,-1.0,-1.0,-1.0,-1.0,,2
2004,4.0,-1.0,-1.0,-1.0,-1.0,-1.0,,2
2004,5.0,0.064,253.89,28.55,87.3,57.92,,2
2004,6.0,0.062,255.65,23.97,87.27,55.62,,2
2004,7.0,0.06,256.35,20.05,88.13,54.09,,2
2004,8.0,0.057,255.98,17.0,91.6,54.3,,2
2004,9.0,0.052,254.8,13.0,95.29,54.15,,2
2004,10.0,0.051,255.03,9.54,97.89,53.71,,2
2004,11.0,-1.0,-1.0,-1.0,-1.0,-1.0,,2
2004,12.0,-1.0,-1.0,-1.0,-1.0,-1.0,,2
2004,13.0,-1.0,-1.0,-1.0,-1.0,-1.0,,2
2004,14.0,-1.0,-1.0,-1.0,-1.0,-1.0,,2
2004,15.0,-1.0,-1.0,-1.0,-1.0,-1.0,,2
2004,16.0,-1.0,-1.0,-1.0,-1.0,-1.0,,2
2004,17.0,-1.0,-1.0,-1.0,-1.0,-1.0,,2
2004,18.0,-1.0,-1.0,-1.0,-1.0,-1.0,,2
2004,19.0,-1.0,-1.0,-1.0,-1.0,-1.0,,2
2004,20.0,-1.0,-1.0,-1.0,-1.0,-1.0,,2
2004,21.0,-1.0,-1.0,-1.0,-1.0,-1.0,,2
2004,22.0,-1.0,-1.0,-1.0,-1.0,-1.0,,2
2004,23.0,-1.0,-1.0,-1.0,-1.0,-1.0,,2
2004,24.0,-1.0,-1.0,-1.0,-1.0,-1.0,,2
2004,25.0,0.437,294.68,52.04,35.68,43.86,,2
2004,26.0,0.44,294.85,53.47,34.67,44.07,,2
2004,27.0,0.44,294.63,55.41,39.05,47.23,,2
2004,28.0,0.439,294.49,56.86,43.73,50.29,,2
2004,29.0,-1.0,-1.0,-1.0,-1.0,-1.0,,2
2004,30.0,0.432,294.21,59.52,56.54,58.03,,2
2004,31.0,0.43,294.01,61.5,57.07,59.29,,2
2004,32.0,0.428,293.65,62.27,58.08,60.18,,2
2004,33.0,0.425,293.14,63.84,60.38,62.11,,2
2004,34.0,0.431,293.13,72.3,52.89,62.6,,2
2004,35.0,0.431,292.43,78.18,48.9,63.54,,2
2004,36.0,0.422,291.76,80.89,40.16,60.52,,2
2004,37.0,0.409,290.77,82.11,33.77,57.94,,2
2004,38.0,0.388,289.26,79.63,36.76,58.2,,2
2004,39.0,0.363,287.57,76.1,40.21,58.15,,2
2004,40.0,0.338,285.3,73.01,48.5,60.75,,2
2004,41.0,0.307,282.87,69.05,55.44,62.25,,2
2004,42.0,0.283,280.97,70.32,54.28,62.3,,2
2004,43.0,0.257,278.97,70.57,52.1,61.33,,2
2004,44.0,0.223,276.26,66.61,51.87,59.24,,2
2004,45.0,0.177,272.03,54.07,59.69,56.88,,2
2004,46.0,0.138,267.7,43.28,68.02,55.65,,2
2004,47.0,0.119,265.08,41.76,70.1,55.93,,2
2004,48.0,0.107,263.75,41.91,68.37,55.14,,2
2004,49.0,0.097,262.81,41.32,64.49,52.9,,2
2004,50.0,0.093,262.67,42.82,58.31,50.57,,2
2004,51.0,0.097,263.41,51.44,49.46,50.45,,2
2004,52.0,0.103,263.5,62.07,46.08,54.07,,2
2005,1.0,0.107,262.52,71.95,47.08,59.51,,2
2005,2.0,0.1,261.1,70.66,52.95,61.8,,2
2005,3.0,0.094,260.06,63.04,59.9,61.47,,2
2005,4.0,0.086,258.86,50.66,68.34,59.5,,2
2005,5.0,0.079,257.38,38.73,77.99,58.36,,2
2005,6.0,0.074,255.91,30.95,85.57,58.26,,2
2005,7.0,0.068,255.49,24.77,89.78,57.27,,2
2005,8.0,0.069,256.59,23.4,91.27,57.34,,2
2005,9.0,0.076,258.48,24.41,92.56,58.48,,2
2005,10.0,0.085,260.99,25.47,93.43,59.45,,2
2005,11.0,0.104,265.7,29.31,89.61,59.46,,2
2005,12.0,0.134,272.0,35.94,79.4,57.67,,2
2005,13.0,0.167,276.48,42.25,73.58,57.92,,2
2005,14.0,0.198,280.14,46.24,69.16,57.7,,2
2005,15.0,0.225,283.47,47.69,60.44,54.06,,2
2005,16.0,0.25,286.16,46.89,52.73,49.81,,2
2005,17.0,-1.0,-1.0,-1.0,-1.0,-1.0,,2
2005,18.0,0.317,289.29,51.4,57.22,54.31,,2
2005,19.0,0.355,290.69,56.4,57.33,56.87,,2
2005,20.0,0.37,291.84,51.31,55.91,53.61,,2
2005,21.0,0.415,292.66,62.26,54.54,58.4,,2
2005,22.0,0.437,293.24,65.18,51.0,58.09,,2
2005,23.0,0.452,293.59,67.92,47.22,57.57,,2
2005,24.0,0.463,294.09,68.18,41.21,54.7,,2
2005,25.0,0.465,294.12,67.29,42.0,54.64,,2
2005,26.0,0.467,294.47,68.03,38.74,53.38,,2
2005,27.0,0.473,295.37,73.48,30.01,51.75,,2
2005,28.0,0.469,295.86,73.77,26.55,50.16,,2
2005,29.0,0.458,294.44,69.89,48.55,59.22,,2
2005,30.0,0.455,295.94,72.26,33.46,52.86,,2
2005,31.0,0.454,295.69,74.01,34.88,54.45,,2
2005,32.0,0.453,295.53,75.48,33.28,54.38,,2
2005,33.0,0.452,295.48,78.38,29.32,53.85,,2
2005,34.0,0.451,295.41,81.67,22.47,52.07,,2
2005,35.0,0.446,295.09,84.0,14.79,49.4,,2
2005,36.0,0.437,294.48,86.04,9.82,47.93,,2
2005,37.0,0.425,293.63,87.74,5.58,46.66,,2
2005,38.0,0.403,292.24,85.45,6.13,45.79,,2
2005,39.0,0.38,290.92,83.19,4.83,44.01,,2
2005,40.0,0.361,289.42,82.52,3.99,43.26,,2
2005,41.0,0.335,287.52,81.66,4.62,43.14,,2
2005,42.0,0.304,284.85,80.04,14.31,47.18,,2
2005,43.0,0.272,282.48,77.9,21.56,49.73,,2
2005,44.0,0.242,280.19,76.55,22.68,49.62,,2
2005,45.0,0.209,277.3,72.51,27.0,49.75,,2
2005,46.0,0.175,274.54,64.82,31.45,48.14,,2
2005,47.0,0.143,271.6,56.15,38.45,47.3,,2
2005,48.0,0.115,267.58,46.66,50.8,48.73,,2
2005,49.0,0.096,263.44,40.35,61.24,50.79,,2
2005,50.0,0.085,260.58,36.07,65.83,50.95,,2
2005,51.0,0.076,258.84,35.16,67.98,51.57,,2
2005,52.0,0.072,258.23,35.96,68.1,52.03,,2
2006,1.0,0.069,257.07,36.05,71.29,53.67,,2
2006,2.0,0.069,256.86,39.45,72.6,56.02,,2
2006,3.0,0.068,257.01,38.4,75.02,56.71,,2
2006,4.0,0.066,257.4,33.83,76.19,55.01,,2
2006,5.0,0.064,258.15,28.28,77.4,52.84,,2
2006,6.0,0.061,259.11,23.24,77.71,50.48,,2
2006,7.0,0.063,261.14,21.71,73.66,47.68,,2
2006,8.0,0.064,263.62,20.9,70.15,45.53,,2
2006,9.0,0.064,265.03,18.57,73.53,46.05,,2
2006,10.0,0.07,266.94,18.3,75.56,46.93,,2
2006,11.0,0.081,269.58,18.47,75.73,47.1,,2
2006,12.0,0.096,272.56,18.03,77.42,47.72,,2
2006,13.0,0.12,276.24,19.53,75.03,47.28,,2
2006,14.0,0.152,280.12,22.79,69.41,46.1,,2
2006,15.0,0.183,283.29,25.23,62.34,43.78,,2
2006,16.0,0.214,286.12,27.61,53.57,40.59,,2
2006,17.0,0.25,288.69,31.84,45.72,38.78,,2
2006,18.0,0.283,290.41,34.45,44.58,39.51,,2
2006,19.0,0.314,291.48,35.98,48.08,42.03,,2
2006,20.0,0.346,292.07,38.98,53.02,46.0,,2
2006,21.0,0.372,292.4,39.65,57.54,48.59,,2
2006,22.0,0.395,292.65,41.77,57.67,49.72,,2
2006,23.0,0.419,293.26,48.44,50.77,49.61,,2
2006,24.0,0.439,294.19,54.23,39.9,47.07,,2
2006,25.0,0.457,295.08,62.02,29.99,46.0,,2
2006,26.0,0.474,295.91,71.64,21.25,46.44,,2
2006,27.0,0.485,296.5,80.78,16.54,48.66,,2
2006,28.0,0.482,296.4,82.39,19.78,51.08,,2
2006,29.0,0.473,296.03,79.86,27.61,53.74,,2
2006,30.0,0.468,295.81,80.88,35.03,57.96,,2
2006,31.0,0.46,295.11,79.33,42.5,60.91,,2
2006,32.0,0.45,294.34,75.39,48.82,62.11,,2
2006,33.0,0.441,293.52,73.49,55.18,64.34,,2
2006,34.0,0.432,292.84,73.23,56.76,65.0,,2
2006,35.0,0.43,292.28,77.76,50.92,64.34,,2
2006,36.0,0.426,291.8,83.18,39.55,61.37,,2
2006,37.0,0.418,291.18,86.86,28.45,57.65,,2
2006,38.0,0.41,290.34,89.87,23.54,56.71,,2
2006,39.0,0.401,289.84,93.69,11.89,52.79,,2
2006,40.0,0.391,289.09,96.98,2.81,49.9,,2
2006,41.0,0.368,287.49,97.63,1.44,49.53,,2
2006,42.0,0.339,285.85,97.2,3.72,50.46,,2
2006,43.0,0.309,284.38,97.01,5.08,51.04,,2
2006,44.0,0.278,282.88,96.43,2.25,49.34,,2
2006,45.0,0.25,281.25,95.94,1.82,48.88,,2
2006,46.0,0.227,279.93,95.36,1.15,48.26,,2
2006,47.0,0.207,278.94,95.09,0.28,47.68,,2
2006,48.0,0.196,278.0,97.24,0.05,48.64,,2
2006,49.0,0.184,276.83,97.49,0.04,48.76,,2
2006,50.0,0.17,275.24,97.67,0.11,48.89,,2
2006,51.0,0.158,273.74,97.03,0.29,48.66,,2
2006,52.0,0.146,273.03,96.28,0.33,48.3,,2
2007,1.0,0.136,272.13,97.07,0.92,49.0,,2
2007,2.0,0.122,270.74,90.98,4.12,47.55,,2
2007,3.0,0.108,269.43,76.91,12.53,44.72,,2
2007,4.0,0.096,267.56,58.61,27.51,43.06,,2
2007,5.0,0.087,266.16,44.27,41.23,42.75,,2
2007,6.0,0.086,265.91,38.43,48.12,43.28,,2
2007,7.0,0.092,266.97,37.63,48.31,42.97,,2
2007,8.0,0.104,269.52,41.51,43.6,42.55,,2
2007,9.0,0.127,272.83,49.87,36.12,42.99,,2
2007,10.0,0.154,276.15,58.69,29.43,44.06,,2
2007,11.0,0.186,279.19,67.72,25.07,46.4,,2
2007,12.0,0.223,281.81,77.41,26.4,51.91,,2
2007,13.0,0.255,284.43,85.1,23.0,54.05,,2
2007,14.0,0.288,286.69,91.5,17.83,54.67,,2
2007,15.0,0.317,288.54,95.69,11.35,53.52,,2
2007,16.0,0.344,290.28,96.21,7.06,51.64,,2
2007,17.0,0.37,291.53,93.08,11.95,52.52,,2
2007,18.0,0.395,292.9,89.55,14.45,52.0,,2
2007,19.0,0.418,294.27,86.2,13.41,49.81,,2
2007,20.0,0.434,295.14,81.71,15.37,48.54,,2
2007,21.0,0.453,296.08,80.74,12.59,46.66,,2
2007,22.0,0.472,296.8,82.8,9.25,46.03,,2
2007,23.0,0.481,296.9,82.27,8.98,45.62,,2
2007,24.0,0.483,296.63,78.55,10.37,44.46,,2
2007,25.0,0.48,296.12,75.13,17.04,46.08,,2
2007,26.0,0.477,295.95,72.93,20.54,46.73,,2
2007,27.0,0.474,296.17,73.9,20.3,47.1,,2
2007,28.0,0.463,295.99,70.6,24.76,47.68,,2
2007,29.0,0.456,295.89,68.88,29.3,49.09,,2
2007,30.0,0.454,295.85,72.0,34.39,53.19,,2
2007,31.0,0.453,295.77,74.66,33.58,54.12,,2
2007,32.0,0.447,295.48,73.49,33.49,53.49,,2
2007,33.0,0.436,294.66,70.59,39.68,55.14,,2
2007,34.0,0.433,293.66,73.35,45.3,59.32,,2
2007,35.0,0.433,292.68,79.28,45.31,62.3,,2
2007,36.0,0.421,291.27,80.64,46.52,63.58,,2
2007,37.0,0.41,290.31,82.77,39.33,61.05,,2
2007,38.0,0.401,289.68,85.84,31.57,58.71,,2
2007,39.0,0.385,288.06,86.46,33.98,60.22,,2
2007,40.0,0.364,286.7,84.58,31.23,57.9,,2
2007,41.0,0.335,284.88,82.22,31.53,56.88,,2
2007,42.0,0.303,282.78,79.83,34.97,57.4,,2
2007,43.0,0.273,280.3,78.69,39.95,59.32,,2
2007,44.0,0.242,277.11,76.9,45.25,61.07,,2
2007,45.0,0.211,274.93,73.08,41.44,57.26,,2
2007,46.0,0.184,272.87,69.21,40.03,54.62,,2
2007,47.0,0.157,271.07,63.86,40.48,52.17,,2
2007,48.0,0.133,269.28,57.0,42.47,49.73,,2
2007,49.0,0.113,267.95,50.26,41.31,45.79,,2
2007,50.0,0.106,268.11,50.52,33.17,41.85,,2
2007,51.0,0.108,268.16,58.57,26.78,42.67,,2
2007,52.0,0.103,267.79,60.45,25.3,42.88,,2
2008,1.0,0.104,268.22,67.94,19.44,43.68,,2
2008,2.0,0.107,268.93,77.08,12.96,45.02,,2
2008,3.0,0.117,269.98,85.57,9.48,47.52,,2
2008,4.0,0.126,271.09,84.13,10.6,47.36,,2
2008,5.0,0.137,271.94,79.21,15.73,47.47,,2
2008,6.0,0.153,273.11,79.51,17.47,48.49,,2
2008,7.0,0.163,273.66,77.74,19.57,48.65,,2
2008,8.0,0.17,274.24,75.63,22.37,49.0,,2
2008,9.0,0.172,274.19,72.37,30.03,51.2,,2
2008,10.0,0.178,274.8,70.11,37.15,53.63,,2
2008,11.0,0.189,276.65,69.41,39.39,54.4,,2
2008,12.0,0.196,277.49,65.0,51.23,58.11,,2
2008,13.0,0.209,278.7,62.74,60.43,61.58,,2
2008,14.0,0.219,280.0,56.86,70.96,63.91,,2
2008,15.0,0.244,282.03,57.33,74.77,66.05,,2
2008,16.0,0.288,284.54,66.8,71.52,69.16,,2
2008,17.0,0.33,286.56,72.85,71.61,72.23,,2
2008,18.0,0.373,288.19,78.96,71.79,75.37,,2
2008,19.0,0.413,289.62,83.75,71.34,77.54,,2
2008,20.0,0.442,290.66,85.81,70.83,78.32,,2
2008,21.0,0.469,292.01,88.73,62.94,75.83,,2
2008,22.0,0.483,292.63,88.67,58.44,73.56,,2
2008,23.0,0.498,293.63,91.94,46.9,69.42,,2
2008,24.0,0.513,294.88,94.92,31.66,63.29,,2
2008,25.0,0.516,295.08,95.13,29.94,62.54,,2
2008,26.0,0.516,295.39,95.38,27.29,61.33,,2
2008,27.0,0.506,295.32,92.91,30.35,61.63,,2
2008,28.0,0.5,295.42,92.46,31.77,62.11,,2
2008,29.0,0.496,295.86,92.78,29.87,61.32,,2
2008,30.0,0.484,295.87,89.58,34.14,61.86,,2
2008,31.0,0.471,295.25,85.13,40.45,62.79,,2
2008,32.0,0.463,294.95,82.89,40.62,61.76,,2
2008,33.0,0.451,294.79,79.2,37.89,58.54,,2
2008,34.0,0.431,294.19,72.26,37.99,55.13,,2
2008,35.0,0.4,292.85,61.49,42.96,52.22,,2
2008,36.0,0.366,291.1,52.63,48.65,50.64,,2
2008,37.0,0.332,289.35,44.7,50.88,47.79,,2
2008,38.0,0.304,287.92,40.16,53.2,46.68,,2
2008,39.0,0.29,287.1,42.55,46.39,44.47,,2
2008,40.0,0.286,286.46,49.65,34.7,42.18,,2
2008,41.0,0.285,285.9,59.2,20.32,39.76,,2
2008,42.0,0.281,285.65,69.66,6.12,37.89,,2
2008,43.0,0.27,284.68,77.07,2.9,39.98,,2
2008,44.0,0.248,282.58,80.6,4.86,42.73,,2
2008,45.0,0.234,280.96,87.0,3.81,45.41,,2
2008,46.0,0.221,279.51,92.17,3.49,47.83,,2
2008,47.0,0.205,277.7,93.89,6.55,50.22,,2
2008,48.0,0.185,275.33,90.23,13.08,51.66,,2
2008,49.0,0.164,272.28,84.77,21.24,53.0,,2
2008,50.0,0.145,269.45,79.66,26.98,53.32,,2
2008,51.0,0.127,267.16,73.77,31.59,52.68,,2
2008,52.0,0.111,265.49,68.6,36.54,52.57,,2
2009,1.0,0.096,264.22,61.04,39.27,50.16,,2
2009,2.0,0.089,264.28,58.59,37.25,47.92,,2
2009,3.0,0.085,264.88,53.79,36.04,44.92,,2
2009,4.0,0.08,265.45,45.1,37.94,41.52,,2
2009,5.0,0.076,266.0,36.55,42.54,39.54,,2
2009,6.0,0.076,266.8,32.03,44.85,38.44,,2
2009,7.0,0.083,268.2,32.71,43.34,38.02,,2
2009,8.0,0.087,269.15,32.79,45.61,39.2,,2
2009,9.0,0.097,270.39,34.86,48.6,41.73,,2
2009,10.0,0.116,272.22,40.25,50.29,45.27,,2
2009,11.0,0.144,275.07,48.0,48.13,48.07,,2
2009,12.0,0.181,278.61,57.78,45.15,51.47,,2
2009,13.0,0.215,281.98,65.46,39.37,52.42,,2
2009,14.0,0.25,285.05,72.25,31.11,51.68,,2
2009,15.0,0.286,287.68,79.33,19.91,49.62,,2
2009,16.0,0.325,289.44,86.16,16.62,51.39,,2
2009,17.0,0.358,290.88,86.97,19.84,53.4,,2
2009,18.0,0.386,291.96,85.0,26.01,55.5,,2
2009,19.0,0.414,292.95,84.44,30.04,57.24,,2
2009,20.0,0.434,293.27,81.81,38.6,60.21,,2
2009,21.0,0.448,292.91,78.17,51.54,64.85,,2
2009,22.0,0.46,292.74,76.08,56.87,66.47,,2
2009,23.0,0.469,292.9,75.68,55.07,65.38,,2
2009,24.0,0.476,293.26,74.44,51.18,62.81,,2
2009,25.0,0.481,293.83,75.49,45.53,60.51,,2
2009,26.0,0.486,294.36,78.36,40.07,59.21,,2
2009,27.0,0.491,295.06,84.11,33.68,58.89,,2
2009,28.0,0.488,295.3,85.62,33.34,59.48,,2
2009,29.0,0.488,295.51,87.75,34.5,61.13,,2
2009,30.0,0.484,295.53,89.79,38.95,64.37,,2
2009,31.0,0.483,295.46,92.07,37.86,64.97,,2
2009,32.0,0.483,295.58,93.64,32.36,63.0,,2
2009,33.0,0.475,295.38,92.58,30.2,61.39,,2
2009,34.0,0.465,295.05,90.81,26.54,58.67,,2
2009,35.0,0.45,294.61,88.25,19.08,53.67,,2
2009,36.0,0.43,293.78,84.93,14.54,49.73,,2
2009,37.0,0.411,292.63,83.09,11.19,47.14,,2
2009,38.0,0.387,290.98,78.94,15.67,47.3,,2
2009,39.0,0.357,288.94,73.22,22.98,48.1,,2
2009,40.0,0.326,286.53,67.65,33.44,50.55,,2
2009,41.0,0.294,284.21,63.21,39.52,51.36,,2
2009,42.0,0.261,281.85,59.63,44.76,52.19,,2
2009,43.0,0.231,279.73,57.18,45.23,51.21,,2
2009,44.0,0.206,277.81,57.56,40.28,48.92,,2
2009,45.0,0.183,275.98,57.84,35.23,46.53,,2
2009,46.0,0.163,274.21,57.67,33.12,45.39,,2
2009,47.0,0.141,271.66,55.15,38.01,46.58,,2
2009,48.0,0.121,268.41,50.47,47.15,48.81,,2
2009,49.0,0.104,264.72,45.81,56.49,51.15,,2
2009,50.0,0.095,261.67,43.65,62.83,53.24,,2
2009,51.0,0.085,258.88,42.24,70.56,56.4,,2
2009,52.0,0.074,256.69,37.88,78.16,58.02,,2
2010,1.0,0.059,255.33,26.23,78.47,52.35,,2
2010,2.0,0.056,255.1,25.83,78.64,52.23,,2
2010,3.0,0.052,255.17,22.2,79.55,50.88,,2
2010,4.0,0.049,255.68,19.09,79.29,49.19,,2
2010,5.0,0.051,257.14,19.18,77.02,48.1,,2
2010,6.0,0.055,259.65,19.49,71.74,45.62,,2
2010,7.0,0.062,262.72,20.91,64.43,42.67,,2
2010,8.0,0.072,266.12,25.01,57.41,41.21,,2
2010,9.0,0.089,269.41,31.05,51.59,41.32,,2
2010,10.0,0.112,272.71,38.27,45.98,42.12,,2
2010,11.0,0.13,275.8,41.71,42.48,42.09,,2
2010,12.0,0.149,278.79,42.97,42.86,42.91,,2
2010,13.0,0.172,281.83,44.78,39.38,42.08,,2
2010,14.0,0.199,284.63,46.71,33.78,40.24,,2
2010,15.0,0.228,286.86,49.09,27.61,38.35,,2
2010,16.0,0.257,288.25,50.49,29.75,40.12,,2
2010,17.0,0.285,289.13,49.89,40.56,45.22,,2
2010,18.0,0.31,289.93,48.02,50.23,49.12,,2
2010,19.0,0.338,290.59,47.64,58.23,52.94,,2
2010,20.0,0.367,291.23,49.67,62.5,56.08,,2
2010,21.0,0.4,292.04,53.85,61.59,57.72,,2
2010,22.0,0.432,292.97,61.09,54.09,57.59,,2
2010,23.0,0.458,293.9,68.92,43.86,56.39,,2
2010,24.0,0.472,294.54,71.5,35.98,53.74,,2
2010,25.0,0.478,295.18,72.93,29.19,51.06,,2
2010,26.0,0.479,296.08,73.6,19.98,46.79,,2
2010,27.0,0.48,296.93,76.99,12.84,44.91,,2
2010,28.0,0.475,297.26,77.25,10.83,44.04,,2
2010,29.0,0.469,297.42,76.45,11.12,43.78,,2
2010,30.0,0.465,297.76,78.24,11.03,44.63,,2
2010,31.0,0.457,297.57,76.74,11.78,44.26,,2
2010,32.0,0.449,296.96,74.42,15.35,44.88,,2
2010,33.0,0.438,295.78,71.63,25.2,48.41,,2
2010,34.0,0.426,294.15,69.61,38.71,54.16,,2
2010,35.0,0.411,292.18,67.73,52.02,59.87,,2
2010,36.0,0.399,290.61,69.5,54.73,62.11,,2
2010,37.0,0.393,289.81,74.61,45.38,60.0,,2
2010,38.0,0.382,288.45,76.52,46.86,61.69,,2
2010,39.0,0.37,287.32,79.56,43.53,61.55,,2
2010,40.0,0.358,286.19,82.21,37.73,59.97,,2
2010,41.0,0.334,284.44,81.87,37.07,59.47,,2
2010,42.0,0.302,282.7,79.51,35.89,57.7,,2
2010,43.0,0.27,281.39,77.24,30.68,53.96,,2
2010,44.0,0.243,280.2,77.09,22.3,49.69,,2
2010,45.0,0.215,278.37,76.03,20.07,48.05,,2
2010,46.0,0.187,275.93,71.43,23.48,47.46,,2
2010,47.0,0.155,272.74,63.66,32.33,48.0,,2
2010,48.0,0.125,269.02,52.67,43.95,48.31,,2
2010,49.0,0.1,264.99,42.75,54.73,48.74,,2
2010,50.0,0.085,261.76,35.66,61.65,48.65,,2
2010,51.0,0.072,259.56,31.67,66.43,49.05,,2
2010,52.0,0.067,258.8,31.48,67.7,49.59,,2
2011,1.0,0.059,258.75,26.64,64.85,45.74,,2
2011,2.0,0.056,259.51,26.41,60.92,43.67,,2
2011,3.0,0.056,260.96,26.25,55.76,41.01,,2
2011,4.0,0.059,262.7,28.06,51.16,39.61,,2
2011,5.0,0.068,264.42,31.41,49.79,40.6,,2
2011,6.0,0.075,265.49,31.5,50.81,41.15,,2
2011,7.0,0.085,267.27,34.0,47.58,40.79,,2
2011,8.0,0.096,269.23,37.41,45.26,41.33,,2
2011,9.0,0.114,271.54,43.32,42.52,42.92,,2
2011,10.0,0.138,274.63,50.95,37.11,44.03,,2
2011,11.0,0.162,277.29,56.33,35.36,45.85,,2
2011,12.0,0.191,280.14,62.6,35.97,49.29,,2
2011,13.0,0.215,282.67,65.8,34.53,50.16,,2
2011,14.0,0.233,284.58,64.06,34.54,49.3,,2
2011,15.0,0.258,287.1,64.83,25.2,45.01,,2
2011,16.0,0.285,289.47,65.17,15.73,40.45,,2
2011,17.0,0.318,291.53,66.93,11.58,39.26,,2
2011,18.0,0.351,293.22,68.1,10.42,39.26,,2
2011,19.0,0.386,294.5,70.86,10.68,40.77,,2
2011,20.0,0.418,295.68,73.75,9.17,41.46,,2
2011,21.0,0.445,296.37,75.99,9.44,42.71,,2
2011,22.0,0.466,296.81,78.72,9.46,44.09,,2
2011,23.0,0.474,296.75,77.56,11.09,44.33,,2
2011,24.0,0.47,295.85,70.14,20.11,45.12,,2
2011,25.0,0.467,295.32,66.8,27.33,47.06,,2
2011,26.0,0.466,295.13,66.1,30.9,48.5,,2
2011,27.0,0.465,294.88,68.25,35.94,52.09,,2
2011,28.0,0.465,294.74,71.28,40.49,55.89,,2
2011,29.0,0.467,294.78,75.5,44.37,59.94,,2
2011,30.0,0.47,294.71,81.33,50.06,65.69,,2
2011,31.0,0.471,294.56,85.38,49.98,67.68,,2
2011,32.0,0.471,294.32,87.05,49.31,68.18,,2
2011,33.0,0.471,294.23,90.21,45.79,68.0,,2
2011,34.0,0.469,294.16,93.29,38.8,66.05,,2
2011,35.0,0.464,293.9,95.54,28.67,62.1,,2
2011,36.0,0.454,293.35,96.48,20.2,58.34,,2
2011,37.0,0.438,292.55,96.04,12.57,54.31,,2
2011,38.0,0.422,291.49,95.03,10.2,52.61,,2
2011,39.0,0.401,289.79,93.38,13.08,53.23,,2
2011,40.0,0.375,287.86,89.82,17.97,53.89,,2
2011,41.0,0.349,285.91,88.7,20.17,54.43,,2
2011,42.0,0.323,284.28,89.32,20.01,54.66,,2
2011,43.0,0.294,282.8,88.85,18.75,53.8,,2
2011,44.0,0.267,281.49,89.91,12.72,51.32,,2
2011,45.0,0.238,279.9,89.12,10.45,49.78,,2
2011,46.0,0.212,278.06,86.21,11.74,48.98,,2
2011,47.0,0.186,276.31,82.42,13.99,48.2,,2
2011,48.0,0.167,274.46,78.96,17.46,48.21,,2
2011,49.0,0.155,273.11,78.61,17.29,47.95,,2
2011,50.0,0.144,272.27,78.04,13.66,45.85,,2
2011,51.0,0.133,270.87,77.3,13.58,45.44,,2
2011,52.0,0.12,268.79,74.77,20.14,47.45,,2
2012,1.0,0.106,266.2,68.61,28.69,48.65,,2
2012,2.0,0.096,263.57,65.25,39.59,52.42,,2
2012,3.0,0.091,261.19,59.68,53.42,56.55,,2
2012,4.0,0.086,259.79,50.56,63.59,57.07,,2
2012,5.0,0.085,259.4,43.4,70.41,56.9,,2
2012,6.0,0.084,260.01,37.19,73.02,55.11,,2
2012,7.0,0.086,261.41,34.76,72.57,53.66,,2
2012,8.0,0.1,263.93,39.34,69.33,54.33,,2
2012,9.0,0.116,266.75,44.23,66.46,55.34,,2
2012,10.0,0.138,270.94,50.77,56.68,53.72,,2
2012,11.0,0.165,275.4,57.69,46.02,51.85,,2
2012,12.0,0.186,278.48,60.08,45.71,52.9,,2
2012,13.0,0.208,280.99,62.07,45.72,53.89,,2
2012,14.0,0.227,283.21,60.61,45.77,53.19,,2
2012,15.0,0.254,285.41,62.53,42.21,52.37,,2
2012,16.0,0.292,287.71,68.51,36.24,52.38,,2
2012,17.0,0.33,289.76,72.87,33.39,53.13,,2
2012,18.0,0.365,291.21,74.48,35.14,54.81,,2
2012,19.0,0.392,292.17,73.74,39.73,56.73,,2
2012,20.0,0.41,292.34,70.08,49.85,59.96,,2
2012,21.0,0.416,291.99,61.86,61.52,61.69,,2
2012,22.0,0.475,294.01,82.81,42.11,62.46,,2
2012,23.0,0.489,294.79,85.38,33.48,59.43,,2
2012,24.0,0.495,295.27,84.6,27.14,55.87,,2
2012,25.0,0.501,295.76,86.08,22.19,54.13,,2
2012,26.0,0.503,296.09,87.34,19.73,53.54,,2
2012,27.0,0.499,296.64,87.71,15.99,51.85,,2
2012,28.0,0.496,296.94,88.72,14.82,51.77,,2
2012,29.0,0.483,296.7,84.52,20.09,52.3,,2
2012,30.0,0.475,296.47,83.16,26.95,55.05,,2
2012,31.0,0.469,296.42,82.95,25.9,54.43,,2
2012,32.0,0.457,296.12,78.43,25.85,52.14,,2
2012,33.0,0.449,295.52,76.89,28.63,52.76,,2
2012,34.0,0.436,294.52,74.33,33.76,54.05,,2
2012,35.0,0.429,293.63,76.73,32.48,54.61,,2
2012,36.0,0.429,293.31,83.38,21.23,52.3,,2
2012,37.0,0.418,292.34,85.56,16.01,50.78,,2
2012,38.0,0.398,290.98,83.6,17.17,50.38,,2
2012,39.0,0.377,289.35,82.06,19.19,50.63,,2
2012,40.0,0.351,287.49,78.87,22.74,50.8,,2
2012,41.0,0.326,285.8,77.83,21.97,49.9,,2
2012,42.0,0.289,283.21,73.2,31.15,52.18,,2
2012,43.0,0.248,279.92,65.88,43.6,54.74,,2
2012,44.0,0.214,277.08,61.9,45.55,53.72,,2
2012,45.0,0.178,274.46,54.99,44.68,49.84,,2
2012,46.0,0.147,271.73,48.36,46.67,47.51,,2
2012,47.0,0.115,268.3,39.38,54.63,47.01,,2
2012,48.0,0.093,264.57,33.33,64.59,48.96,,2
2012,49.0,0.08,261.59,29.77,68.72,49.24,,2
2012,50.0,0.067,259.51,22.65,69.45,46.05,,2
2012,51.0,0.059,257.59,21.38,71.69,46.54,,2
2012,52.0,0.055,256.79,21.24,72.58,46.91,,2
2013,1.0,0.062,257.52,26.72,66.71,46.71,,2
2013,2.0,0.063,258.14,31.32,63.65,47.48,,2
2013,3.0,0.063,257.76,31.12,66.65,48.88,,2
2013,4.0,0.06,256.11,27.44,74.19,50.82,,2
2013,5.0,0.058,256.04,23.71,77.82,50.77,,2
2013,6.0,0.059,257.77,21.53,76.64,49.08,,2
2013,7.0,0.062,259.93,21.25,73.96,47.6,,2
2013,8.0,0.069,262.29,22.73,72.3,47.52,,2
2013,9.0,0.077,264.23,24.22,73.12,48.67,,2
2013,10.0,0.084,266.13,24.03,71.38,47.7,,2
2013,11.0,0.087,264.49,20.82,88.15,54.48,,2
2013,12.0,0.097,266.76,18.11,89.5,53.8,,2
2013,13.0,0.111,268.88,14.88,93.32,54.1,,2
2013,14.0,0.131,272.27,12.39,94.77,53.58,,2
2013,15.0,0.168,277.19,17.58,90.56,54.07,,2
2013,16.0,0.226,283.1,32.8,72.54,52.67,,2
2013,17.0,0.276,286.98,44.13,61.27,52.7,,2
2013,18.0,0.323,289.65,53.18,52.51,52.84,,2
2013,19.0,0.362,291.2,58.43,50.7,54.56,,2
2013,20.0,0.397,292.33,62.79,49.32,56.05,,2
2013,21.0,0.427,293.26,66.56,46.29,56.43,,2
2013,22.0,0.45,293.72,69.65,45.29,57.47,,2
2013,23.0,0.471,294.32,74.99,38.86,56.92,,2
2013,24.0,0.483,294.6,76.81,35.31,56.06,,2
2013,25.0,0.491,295.1,79.35,30.62,54.98,,2
2013,26.0,0.488,295.47,77.91,27.31,52.61,,2
2013,27.0,0.479,295.43,75.18,30.34,52.76,,2
2013,28.0,0.468,295.37,71.23,34.54,52.88,,2
2013,29.0,0.465,295.72,72.38,34.04,53.21,,2
2013,30.0,0.459,295.82,73.38,37.06,55.22,,2
2013,31.0,0.448,295.61,69.8,39.4,54.6,,2
2013,32.0,0.439,295.33,67.13,41.12,54.13,,2
2013,33.0,0.43,294.5,65.35,48.19,56.77,,2
2013,34.0,0.415,293.38,61.78,54.54,58.16,,2
2013,35.0,0.39,291.27,55.54,66.59,61.07,,2
2013,36.0,0.363,288.92,50.42,75.52,62.97,,2
2013,37.0,0.343,287.22,49.59,75.16,62.38,,2
2013,38.0,0.328,285.78,50.85,76.87,63.86,,2
2013,39.0,0.309,284.82,50.72,73.22,61.97,,2
2013,40.0,0.292,283.66,51.67,65.22,58.45,,2
2013,41.0,0.273,282.43,53.41,53.43,53.42,,2
2013,42.0,0.254,281.5,56.51,39.6,48.06,,2
2013,43.0,0.225,279.43,54.65,37.96,46.31,,2
2013,44.0,0.195,277.52,52.2,35.07,43.63,,2
2013,45.0,0.171,275.51,51.84,33.79,42.81,,2
2013,46.0,0.15,273.61,50.07,34.88,42.47,,2
2013,47.0,0.137,271.93,53.0,36.0,44.5,,2
2013,48.0,0.13,270.15,56.81,37.87,47.34,,2
2013,49.0,0.13,269.41,62.87,33.56,48.22,,2
2013,50.0,0.132,269.78,69.58,24.09,46.84,,2
2013,51.0,0.124,269.3,70.55,19.79,45.17,,2
2013,52.0,0.118,268.67,71.91,19.62,45.76,,2
2014,1.0,0.114,267.68,74.16,20.8,47.48,,2
2014,2.0,0.107,266.3,74.73,25.58,50.15,,2
2014,3.0,0.103,264.95,69.44,34.05,51.74,,2
2014,4.0,0.105,264.21,64.05,40.18,52.12,,2
2014,5.0,0.114,265.76,61.37,39.09,50.23,,2
2014,6.0,0.129,269.6,64.09,29.56,46.83,,2
2014,7.0,0.156,273.64,72.79,17.58,45.18,,2
2014,8.0,0.182,276.99,80.96,8.57,44.77,,2
2014,9.0,0.207,279.52,86.84,4.04,45.44,,2
2014,10.0,0.227,281.56,90.28,3.24,46.76,,2
2014,11.0,0.245,283.2,91.16,4.68,47.92,,2
2014,12.0,0.261,284.68,91.22,9.57,50.4,,2
2014,13.0,0.274,285.83,90.4,12.57,51.49,,2
2014,14.0,0.289,286.96,88.83,14.34,51.59,,2
2014,15.0,0.309,287.94,88.18,16.49,52.34,,2
2014,16.0,0.332,288.97,86.5,21.53,54.02,,2
2014,17.0,0.359,289.79,84.76,32.32,58.54,,2
2014,18.0,0.385,290.6,82.68,42.11,62.39,,2
2014,19.0,0.409,291.46,80.82,48.1,64.46,,2
2014,20.0,0.428,291.96,78.15,54.16,66.15,,2
2014,21.0,0.445,292.44,75.98,56.26,66.12,,2
2014,22.0,0.46,292.9,75.16,54.83,64.99,,2
2014,23.0,0.477,293.67,78.73,46.31,62.52,,2
2014,24.0,0.487,294.0,79.01,42.55,60.78,,2
2014,25.0,0.492,294.55,79.92,37.18,58.55,,2
2014,26.0,0.487,294.95,77.44,33.52,55.48,,2
2014,27.0,0.482,295.53,77.11,29.09,53.1,,2
2014,28.0,0.471,295.79,73.25,29.32,51.29,,2
2014,29.0,0.466,296.22,73.7,27.33,50.51,,2
2014,30.0,0.464,296.53,75.98,27.51,51.74,,2
2014,31.0,0.455,296.28,74.01,30.8,52.4,,2
2014,32.0,0.446,295.58,71.35,38.2,54.78,,2
2014,33.0,0.44,294.63,71.42,46.69,59.05,,2
2014,34.0,0.435,294.14,73.36,45.14,59.25,,2
2014,35.0,0.423,293.06,73.25,44.28,58.76,,2
2014,36.0,0.411,291.72,74.78,43.09,58.93,,2
2014,37.0,0.398,290.82,76.32,34.58,55.45,,2
2014,38.0,0.378,290.19,74.69,26.03,50.36,,2
2014,39.0,0.349,288.56,69.61,27.96,48.79,,2
2014,40.0,0.318,286.08,63.91,37.48,50.7,,2
2014,41.0,0.293,283.87,62.88,38.5,50.69,,2
2014,42.0,0.269,281.98,63.44,35.35,49.4,,2
2014,43.0,0.239,279.69,61.57,35.92,48.75,,2
2014,44.0,0.206,277.01,58.23,37.91,48.07,,2
2014,45.0,0.175,273.52,53.64,44.57,49.1,,2
2014,46.0,0.139,270.53,43.99,51.11,47.55,,2
2014,47.0,0.114,268.89,38.72,51.63,45.18,,2
2014,48.0,0.097,266.84,35.9,54.17,45.04,,2
2014,49.0,0.088,264.57,35.43,55.97,45.7,,2
2014,50.0,0.085,263.62,36.11,52.2,44.16,,2
2014,51.0,0.085,263.07,40.78,48.53,44.65,,2
2014,52.0,0.085,262.51,44.89,48.34,46.61,,2
2015,1.0,0.088,263.11,50.85,42.39,46.62,,2
2015,2.0,0.098,264.86,65.45,32.76,49.11,,2
2015,3.0,0.11,267.2,76.42,23.2,49.81,,2
2015,4.0,0.123,268.83,78.35,20.08,49.21,,2
2015,5.0,0.137,270.22,76.89,21.07,48.98,,2
2015,6.0,0.147,271.76,74.88,21.45,48.16,,2
2015,7.0,0.161,273.51,75.95,18.85,47.4,,2
2015,8.0,0.179,275.87,79.28,14.23,46.76,,2
2015,9.0,0.197,278.23,82.37,10.59,46.48,,2
2015,10.0,0.21,280.29,82.1,9.44,45.77,,2
2015,11.0,0.224,281.78,81.74,11.72,46.73,,2
2015,12.0,0.236,283.13,80.18,16.97,48.58,,2
2015,13.0,0.246,284.24,77.53,20.29,48.91,,2
2015,14.0,0.255,285.47,72.78,22.03,47.4,,2
2015,15.0,0.272,287.22,69.82,20.09,44.96,,2
2015,16.0,0.299,288.91,69.91,20.15,45.03,,2
2015,17.0,0.329,290.3,70.37,25.53,47.95,,2
2015,18.0,0.357,291.07,69.65,36.21,52.93,,2
2015,19.0,0.383,291.91,68.54,42.47,55.51,,2
2015,20.0,0.411,292.67,69.7,45.46,57.58,,2
2015,21.0,0.436,293.21,71.34,47.01,59.17,,2
2015,22.0,0.454,293.56,72.14,47.39,59.77,,2
2015,23.0,0.473,294.27,76.52,39.73,58.13,,2
2015,24.0,0.485,294.84,78.1,32.78,55.44,,2
2015,25.0,0.489,295.29,78.39,28.57,53.48,,2
2015,26.0,0.482,295.47,74.78,27.56,51.17,,2
2015,27.0,0.472,295.63,71.43,28.13,49.78,,2
2015,28.0,0.464,296.14,69.2,25.12,47.16,,2
2015,29.0,0.457,296.45,67.88,24.48,46.18,,2
2015,30.0,0.449,296.75,67.41,24.69,46.05,,2
2015,31.0,0.442,297.41,66.16,16.58,41.37,,2
2015,32.0,0.428,297.74,60.86,11.62,36.24,,2
2015,33.0,0.418,297.73,58.19,9.16,33.67,,2
2015,34.0,0.406,296.91,56.39,11.11,33.75,,2
2015,35.0,0.386,295.11,53.34,18.98,36.16,,2
2015,36.0,0.369,292.86,53.29,29.84,41.57,,2
2015,37.0,0.355,290.66,55.17,36.6,45.88,,2
2015,38.0,0.34,288.65,56.22,44.14,50.18,,2
2015,39.0,0.322,286.72,56.81,50.65,53.73,,2
2015,40.0,0.302,284.46,55.95,56.55,56.25,,2
2015,41.0,0.276,282.37,54.31,54.32,54.31,,2
2015,42.0,0.248,280.56,53.42,47.55,50.49,,2
2015,43.0,0.221,278.97,52.65,40.86,46.76,,2
2015,44.0,0.196,278.16,52.53,30.66,41.59,,2
2015,45.0,0.173,276.75,52.3,26.36,39.33,,2
2015,46.0,0.155,275.03,52.83,26.96,39.89,,2
2015,47.0,0.148,273.56,58.94,27.54,43.24,,2
2015,48.0,0.142,271.89,63.2,29.45,46.32,,2
2015,49.0,0.14,270.89,68.79,26.74,47.76,,2
2015,50.0,0.141,270.4,75.75,21.41,48.58,,2
2015,51.0,0.136,268.89,79.14,21.7,50.42,,2
2015,52.0,0.128,266.62,79.95,29.08,54.52,,2
2016,1.0,0.115,263.91,75.23,38.45,56.84,,2
2016,2.0,0.103,262.73,70.7,43.02,56.86,,2
2016,3.0,0.097,262.35,64.16,46.76,55.46,,2
2016,4.0,0.098,262.38,57.9,48.7,53.3,,2
2016,5.0,0.103,263.92,54.05,47.34,50.7,,2
2016,6.0,0.108,265.39,51.21,47.51,49.36,,2
2016,7.0,0.114,266.24,49.81,49.48,49.65,,2
2016,8.0,0.117,266.33,47.75,56.46,52.11,,2
2016,9.0,0.118,265.95,44.61,67.36,55.99,,2
2016,10.0,0.114,264.73,38.11,80.13,59.12,,2
2016,11.0,0.191,275.85,67.3,40.11,53.71,,2
2016,12.0,0.219,279.25,72.38,36.28,54.33,,2
2016,13.0,0.238,281.63,74.09,34.79,54.44,,2
2016,14.0,0.256,283.7,73.26,33.82,53.54,,2
2016,15.0,0.283,285.96,75.65,30.77,53.21,,2
2016,16.0,0.311,287.31,76.6,36.55,56.58,,2
2016,17.0,0.34,288.54,76.0,45.77,60.88,,2
2016,18.0,0.363,289.85,72.68,50.77,61.72,,2
2016,19.0,0.385,291.11,69.76,52.13,60.95,,2
2016,20.0,0.409,292.4,69.27,48.67,58.97,,2
2016,21.0,0.43,293.04,68.81,49.0,58.91,,2
2016,22.0,0.448,293.5,69.57,47.91,58.74,,2
2016,23.0,0.466,294.38,73.35,38.24,55.8,,2
2016,24.0,0.475,295.05,73.22,29.8,51.51,,2
2016,25.0,0.48,295.5,73.68,25.61,49.64,,2
2016,26.0,0.473,295.43,70.16,27.77,48.96,,2
2016,27.0,0.466,295.65,68.47,27.67,48.07,,2
2016,28.0,0.46,296.14,67.55,25.01,46.28,,2
2016,29.0,0.456,296.25,67.6,27.0,47.3,,2
2016,30.0,0.451,296.39,68.87,29.39,49.13,,2
2016,31.0,0.446,296.84,68.98,23.73,46.36,,2
2016,32.0,0.438,297.06,67.08,20.15,43.61,,2
2016,33.0,0.432,297.05,66.53,17.49,42.01,,2
2016,34.0,0.422,296.72,65.86,13.52,39.69,,2
2016,35.0,0.409,295.85,65.61,9.91,37.76,,2
2016,36.0,0.388,294.74,63.14,8.24,35.69,,2
2016,37.0,0.361,292.86,58.37,11.6,34.98,,2
2016,38.0,0.333,290.57,53.37,21.64,37.51,,2
2016,39.0,0.298,287.1,45.62,45.77,45.69,,2
2016,40.0,0.263,283.16,38.62,71.33,54.97,,2
2016,41.0,0.228,279.18,32.46,87.51,59.99,,2
2016,42.0,0.192,275.33,26.32,92.78,59.55,,2
2016,43.0,0.152,271.49,17.91,93.52,55.72,,2
2016,44.0,0.123,268.71,14.26,89.95,52.11,,2
2016,45.0,0.101,266.48,12.0,84.21,48.11,,2
2016,46.0,0.093,266.04,16.24,75.25,45.75,,2
2016,47.0,0.094,265.58,26.24,68.65,47.45,,2
2016,48.0,0.095,264.78,34.14,64.19,49.17,,2
2016,49.0,0.094,264.21,38.24,57.52,47.88,,2
2016,50.0,0.09,263.36,38.59,53.22,45.9,,2
2016,51.0,0.087,262.22,42.32,52.07,47.19,,2
2016,52.0,0.083,260.98,43.48,54.92,49.2,,2
2017,1.0,0.077,260.61,40.7,53.6,47.15,,2
2017,2.0,0.075,260.75,43.67,52.48,48.08,,2
2017,3.0,0.073,260.52,41.0,54.83,47.92,,2
2017,4.0,0.071,259.52,36.44,60.12,48.28,,2
2017,5.0,0.072,260.13,33.42,61.53,47.48,,2
2017,6.0,0.079,262.47,33.52,58.02,45.77,,2
2017,7.0,0.093,265.33,37.95,51.81,44.88,,2
2017,8.0,0.112,268.48,45.2,45.57,45.38,,2
2017,9.0,0.134,271.56,51.92,40.23,46.08,,2
2017,10.0,0.156,274.71,57.64,34.18,45.91,,2
2017,11.0,0.178,276.75,61.73,34.53,48.13,,2
2017,12.0,0.201,279.63,64.78,33.23,49.01,,2
2017,13.0,0.225,281.91,67.8,32.27,50.03,,2
2017,14.0,0.248,284.11,69.54,30.82,50.18,,2
2017,15.0,0.272,285.62,69.94,33.61,51.77,,2
2017,16.0,0.294,286.88,67.72,41.67,54.7,,2
2017,17.0,0.313,287.09,62.35,63.03,62.69,,2
2017,18.0,0.336,288.07,59.34,72.48,65.91,,2
2017,19.0,0.364,289.88,59.56,67.52,63.54,,2
2017,20.0,0.393,291.52,61.38,59.52,60.45,,2
2017,21.0,0.418,292.41,62.39,56.64,59.52,,2
2017,22.0,0.438,292.97,63.77,54.13,58.95,,2
2017,23.0,0.455,293.41,66.57,49.55,58.06,,2
2017,24.0,0.468,294.24,68.85,39.89,54.37,,2
2017,25.0,0.474,294.48,70.39,38.46,54.43,,2
2017,26.0,0.475,294.64,70.68,37.58,54.13,,2
2017,27.0,0.472,294.92,71.58,36.64,54.11,,2
2017,28.0,0.468,294.95,71.66,39.8,55.73,,2
2017,29.0,0.462,294.96,71.53,44.02,57.77,,2
2017,30.0,0.456,294.94,71.89,48.64,60.27,,2
2017,31.0,0.453,295.25,72.78,43.92,58.35,,2
2017,32.0,0.445,295.07,70.81,44.34,57.57,,2
2017,33.0,0.436,294.45,68.91,48.85,58.88,,2
2017,34.0,0.42,293.27,65.05,55.94,60.5,,2
2017,35.0,0.399,291.87,60.58,59.23,59.9,,2
2017,36.0,0.376,290.03,57.3,62.88,60.09,,2
2017,37.0,0.354,288.02,55.26,66.45,60.86,,2
2017,38.0,0.336,286.63,54.83,67.42,61.12,,2
2017,39.0,0.311,285.08,51.92,70.35,61.14,,2
2017,40.0,0.275,282.72,44.37,76.51,60.44,,2
2017,41.0,0.24,280.03,38.04,79.3,58.67,,2
2017,42.0,0.199,276.87,30.06,80.71,55.39,,2
2017,43.0,0.169,273.64,26.99,79.56,53.28,,2
2017,44.0,0.142,270.87,24.87,77.16,51.02,,2
2017,45.0,0.129,269.82,28.65,65.79,47.22,,2
2017,46.0,0.12,269.56,33.43,56.54,44.99,,2
2017,47.0,0.113,268.65,38.86,52.89,45.87,,2
2017,48.0,0.108,267.93,43.46,48.84,46.15,,2
2017,49.0,0.104,266.95,46.16,44.93,45.54,,2
2017,50.0,0.099,266.21,46.19,40.32,43.25,,2
2017,51.0,0.099,265.43,52.14,37.4,44.77,,2
2017,52.0,0.099,264.93,61.99,35.88,48.93,,2
2018,1.0,0.104,264.98,67.05,33.12,50.08,,2
2018,2.0,0.104,264.86,72.89,31.26,52.08,,2
2018,3.0,0.098,264.17,66.84,37.73,52.29,,2
2018,4.0,0.094,262.32,56.49,47.38,51.94,,2
2018,5.0,0.087,261.16,45.2,56.58,50.89,,2
2018,6.0,0.087,261.94,37.22,63.25,50.24,,2
2018,7.0,0.09,262.85,35.26,64.12,49.69,,2
2018,8.0,0.098,264.76,37.31,62.98,50.15,,2
2018,9.0,0.113,267.43,40.19,59.88,50.04,,2
2018,10.0,0.125,270.46,44.04,52.98,48.51,,2
2018,11.0,0.143,271.32,45.62,59.46,52.54,,2
2018,12.0,0.17,275.62,50.18,52.02,51.1,,2
2018,13.0,0.203,279.21,57.73,43.77,50.75,,2
2018,14.0,0.247,283.6,68.66,32.07,50.37,,2
2018,15.0,0.291,287.09,78.68,21.67,50.18,,2
2018,16.0,0.331,289.79,86.09,13.28,49.69,,2
2018,17.0,0.365,291.49,88.46,11.86,50.16,,2
2018,18.0,0.393,292.53,87.44,18.3,52.87,,2
2018,19.0,0.418,293.32,85.37,24.54,54.95,,2
2018,20.0,0.44,294.22,83.96,26.07,55.02,,2
2018,21.0,0.459,294.81,82.69,27.11,54.9,,2
2018,22.0,0.469,295.14,79.83,28.12,53.97,,2
2018,23.0,0.474,295.1,76.9,29.51,53.2,,2
2018,24.0,0.473,294.83,71.64,32.42,52.03,,2
2018,25.0,0.47,294.81,67.93,34.01,50.97,,2
2018,26.0,0.465,294.95,65.41,33.35,49.38,,2
2018,27.0,0.461,295.08,65.82,34.08,49.95,,2
2018,28.0,0.457,295.27,65.94,35.28,50.61,,2
2018,29.0,0.456,295.64,67.98,34.58,51.28,,2
2018,30.0,0.451,295.64,69.12,38.89,54.0,,2
2018,31.0,0.444,295.63,68.34,38.69,53.52,,2
2018,32.0,0.438,295.88,67.65,34.15,50.9,,2
2018,33.0,0.43,295.65,66.65,33.96,50.31,,2
2018,34.0,0.42,295.29,65.83,30.69,48.26,,2
2018,35.0,0.408,294.79,65.69,22.54,44.11,,2
2018,36.0,0.397,293.84,68.33,18.02,43.18,,2
2018,37.0,0.382,292.31,69.2,17.14,43.17,,2
2018,38.0,0.368,291.28,70.48,12.88,41.68,,2
2018,39.0,0.356,290.33,73.12,5.95,39.53,,2
2018,40.0,0.333,288.75,71.11,6.33,38.72,,2
2018,41.0,0.31,287.02,70.71,5.9,38.3,,2
2018,42.0,0.288,285.5,73.18,5.44,39.31,,2
2018,43.0,0.26,283.41,72.62,10.02,41.32,,2
2018,44.0,0.229,280.37,70.89,16.88,43.89,,2
2018,45.0,0.206,276.45,71.85,28.14,50.0,,2
2018,46.0,0.181,272.86,69.1,38.45,53.77,,2
2018,47.0,0.16,269.89,67.07,46.09,56.58,,2
2018,48.0,0.135,266.77,59.9,54.16,57.03,,2
2018,49.0,0.106,263.19,47.29,61.87,54.58,,2
2018,50.0,0.086,260.86,36.97,64.12,50.55,,2
2018,51.0,0.074,258.84,33.05,67.05,50.05,,2
2018,52.0,0.07,258.36,33.13,66.59,49.86,,2
2019,1.0,0.066,258.94,31.86,61.12,46.49,,2
2019,2.0,0.07,260.06,38.82,55.63,47.23,,2
2019,3.0,0.081,261.71,49.26,48.88,49.07,,2
2019,4.0,0.092,263.13,53.84,44.6,49.22,,2
2019,5.0,0.102,265.1,53.99,42.1,48.05,,2
2019,6.0,0.122,268.52,59.91,34.6,47.26,,2
2019,7.0,0.148,272.07,69.0,24.87,46.94,,2
2019,8.0,0.17,274.62,75.18,19.76,47.47,,2
2019,9.0,0.191,276.9,79.71,16.83,48.27,,2
2019,10.0,0.211,279.48,83.23,13.18,48.2,,2
2019,11.0,0.228,281.16,84.12,14.59,49.35,,2
2019,12.0,0.243,283.0,83.85,17.37,50.61,,2
2019,13.0,0.259,284.93,83.85,16.43,50.14,,2
2019,14.0,0.272,286.92,81.18,13.43,47.3,,2
2019,15.0,0.287,288.15,77.77,13.17,45.47,,2
2019,16.0,0.309,289.43,75.47,14.94,45.2,,2
2019,17.0,0.329,290.32,70.94,24.79,47.86,,2
2019,18.0,0.348,290.83,65.86,38.47,52.17,,2
2019,19.0,0.373,291.29,64.29,49.6,56.94,,2
2019,20.0,0.402,291.88,66.2,54.63,60.42,,2
2019,21.0,0.43,292.7,69.25,52.83,61.04,,2
2019,22.0,0.451,293.11,71.18,52.06,61.62,,2
2019,23.0,0.469,293.83,75.02,44.14,59.58,,2
2019,24.0,0.481,294.71,76.91,33.66,55.28,,2
2019,25.0,0.485,294.79,76.68,34.14,55.41,,2
2019,26.0,0.48,294.82,73.59,35.03,54.31,,2
2019,27.0,0.471,295.04,71.08,34.63,52.86,,2
2019,28.0,0.464,295.21,69.7,36.24,52.97,,2
2019,29.0,0.46,295.37,69.95,38.37,54.16,,2
2019,30.0,0.454,295.46,70.41,41.43,55.92,,2
2019,31.0,0.449,295.71,70.59,37.68,54.13,,2
2019,32.0,0.442,295.85,69.71,34.36,52.04,,2
2019,33.0,0.436,295.79,69.46,32.25,50.85,,2
2019,34.0,0.427,295.5,69.29,28.18,48.73,,2
2019,35.0,0.413,294.49,68.21,26.41,47.31,,2
2019,36.0,0.399,293.34,69.13,23.81,46.47,,2
2019,37.0,0.383,292.18,69.54,18.65,44.1,,2
2019,38.0,0.364,290.94,68.49,16.96,42.73,,2
2019,39.0,0.342,289.73,66.56,13.39,39.97,,2
2019,40.0,0.318,288.45,63.93,9.95,36.94,,2
2019,41.0,0.296,287.04,64.37,5.66,35.01,,2
2019,42.0,0.276,285.83,67.32,2.69,35.0,,2
2019,43.0,0.252,284.53,68.89,2.47,35.68,,2
2019,44.0,0.227,282.75,69.57,2.22,35.9,,2
2019,45.0,0.207,280.98,72.55,2.59,37.57,,2
2019,46.0,0.185,279.1,71.28,4.99,38.14,,2
2019,47.0,0.173,277.36,74.75,7.69,41.22,,2
2019,48.0,0.167,276.59,79.61,6.16,42.88,,2
2019,49.0,0.162,275.76,84.2,4.13,44.17,,2
2019,50.0,0.157,274.56,87.73,2.4,45.06,,2
2019,51.0,0.15,273.23,90.32,1.98,46.15,,2
2019,52.0,0.145,272.38,93.23,2.72,47.98,,2
2020,1.0,0.137,271.51,94.76,3.13,48.95,,2
2020,2.0,0.13,270.98,96.07,2.39,49.23,,2
2020,3.0,0.13,271.37,96.03,2.55,49.29,,2
2020,4.0,0.14,271.95,92.93,5.86,49.4,,2
2020,5.0,0.151,272.29,87.3,12.2,49.75,,2
2020,6.0,0.159,272.51,82.61,17.92,50.26,,2
2020,7.0,0.167,272.52,79.59,22.65,51.12,,2
2020,8.0,0.181,273.95,80.75,22.44,51.59,,2
2020,9.0,0.199,276.31,83.71,19.34,51.52,,2
2020,10.0,0.217,278.58,86.28,17.16,51.72,,2
2020,11.0,0.234,279.8,86.98,20.93,53.95,,2
2020,12.0,0.25,282.14,86.83,21.84,54.34,,2
2020,13.0,0.264,284.28,86.32,20.33,53.33,,2
2020,14.0,0.275,286.4,82.47,16.86,49.66,,2
2020,15.0,0.287,287.98,77.39,14.9,46.15,,2
2020,16.0,0.301,289.2,71.45,18.05,44.75,,2
2020,17.0,0.317,289.91,64.82,30.29,47.56,,2
2020,18.0,0.336,290.68,59.64,40.82,50.23,,2
2020,19.0,0.353,290.91,54.75,54.68,54.72,,2
2020,20.0,0.373,291.03,52.33,65.4,58.87,,2
2020,21.0,0.397,291.55,52.8,66.82,59.81,,2
2020,22.0,0.418,292.01,53.88,65.26,59.57,,2
2020,23.0,0.44,292.63,59.28,58.59,58.94,,2
2020,24.0,0.457,293.31,63.78,51.21,57.49,,2
2020,25.0,0.471,293.87,69.37,45.74,57.55,,2
2020,26.0,0.478,294.35,73.37,40.78,57.08,,2
2020,27.0,0.479,294.69,76.5,38.83,57.66,,2
2020,28.0,0.478,295.0,78.07,38.76,58.42,,2
2020,29.0,0.475,295.23,79.59,40.16,59.87,,2
2020,30.0,0.472,295.39,81.55,42.31,61.93,,2
2020,31.0,0.469,295.85,82.52,35.89,59.2,,2
2020,32.0,0.464,296.25,82.27,29.5,55.89,,2
2020,33.0,0.458,296.26,82.32,26.59,54.46,,2
2020,34.0,0.45,295.83,82.36,23.95,53.15,,2
2020,35.0,0.438,294.76,81.56,22.9,52.23,,2
2020,36.0,0.424,293.3,81.8,24.14,52.97,,2
2020,37.0,0.406,291.86,80.86,22.21,51.53,,2
2020,38.0,0.382,290.5,77.18,22.05,49.61,,2
2020,39.0,0.357,288.77,73.79,24.86,49.33,,2
2020,40.0,0.325,286.27,67.45,34.76,51.11,,2
2020,41.0,0.29,283.63,61.9,40.1,51.0,,2
2020,42.0,0.262,281.68,60.97,37.06,49.02,,2
2020,43.0,0.234,279.71,59.8,35.03,47.42,,2
2020,44.0,0.205,277.93,57.99,31.58,44.78,,2
2020,45.0,0.187,276.99,61.31,24.67,42.99,,2
2020,46.0,0.173,276.25,64.2,19.99,42.1,,2
2020,47.0,0.159,274.61,66.31,21.7,44.0,,2
2020,48.0,0.139,272.46,62.49,26.15,44.32,,2
2020,49.0,0.125,270.68,60.09,27.23,43.66,,2
2020,50.0,0.113,269.47,56.87,24.97,40.92,,2
2020,51.0,0.104,268.52,56.18,22.78,39.48,,2
2020,52.0,0.102,268.03,59.77,22.05,40.91,,2
</pre></tt>,,,,,,,,2
